1.5573
-0.2557
0.9105
-0.4053
2.9126
-0.4014
1.0859
1.1955
-0.4654
0.2470
1.3325
0.4540
2.2667
-3.1545
2.1492
2.5496
0.9576
1.4713
2.7404
1.3674
1.3773
1.3593
0.9344
1.2571
0.0407
3.8769
3.4128
1.1695
0.2366
1.6585
2.7191
0.0597
2.3582
1.3748
1.6976
0.8075
2.6078
1.3083
4.7585
1.3921
0.8255
2.9473
3.0408
1.4337
2.7559
4.1636
2.5044
1.3087
2.1299
2.7686
1.0408
2.9786
-0.1349
0.9569
4.3441
4.0108
2.3874
3.0021
2.4254
2.6577
-1.3642
0.7413
2.1459
-0.2758
1.1079
1.2080
1.5336
1.9860
3.9600
4.3569
2.3758
1.7425
0.5555
1.5642
0.3786
5.6740
2.3280
1.8629
2.3132
2.1715
2.9686
2.4754
2.5692
1.8235
4.0617
4.5989
1.8743
1.5268
1.1847
2.8307
2.1299
0.5012
3.6145
2.0584
2.4843
1.4872
0.2901
-0.4141
1.4833
2.5033
2.5374
2.0208
-1.0614
2.6099
-0.3717
3.1365
1.0286
2.2923
3.5934
0.4900
0.6099
-0.1257
2.4037
0.4617
2.1879
-0.2217
1.8827
1.8969
1.2671
0.0669
3.3687
2.7003
1.0676
0.3597
2.3134
4.4772
4.3546
4.4418
1.1886
2.2398
0.6031
2.7625
2.6254
2.5027
1.2740
4.3541
0.3680
1.9724
3.8396
5.0953
-0.1361
2.9137
5.0023
-0.8364
3.0735
3.8051
3.5711
2.0976
3.1161
3.4553
2.0027
2.7030
2.7241
2.7066
2.1689
3.6684
2.8503
3.0152
1.4811
0.1000
2.8126
2.4807
0.2261
-0.0083
-0.1721
-0.8771
2.6075
2.4920
1.0670
-0.8029
-0.5700
0.6477
1.7479
2.1722
1.3462
0.1694
-0.5689
1.7677
0.3118
1.0551
1.0363
1.8773
0.4893
3.8148
3.8281
1.5580
0.7177
-0.0169
4.0439
0.8563
0.7203
2.2646
2.9650
0.1386
0.5684
-0.1192
2.6520
2.0519
2.4523
2.7076
2.6117
2.4406
5.3596
2.3067
4.1254
5.6279
3.3487
3.4333
3.3913
3.1076
4.2730
1.6479
2.0876
1.5687
6.2417
6.3723
1.5615
3.0111
2.5987
4.2699
0.3441
2.6756
1.7555
0.9397
1.5878
3.0702
1.0060
2.4290
2.7564
2.8587
2.2049
4.2317
1.2870
0.1870
2.8739
3.3349
-0.1614
1.3513
-0.1468
0.2875
1.1578
0.1472
1.8673
1.5218
3.5248
3.4465
0.7200
1.2651
3.9718
3.7584
1.4329
2.7771
4.2877
1.3505
3.1810
4.0805
2.5727
0.3757
1.6041
1.7559
2.4062
4.2524
1.2956
2.4099
4.1628
2.6708
3.5172
4.6010
1.7736
2.2175
-1.6623
-0.0388
1.1813
3.4043
2.3014
1.7527
2.9113
1.1568
1.9938
2.8920
3.5091
3.1299
0.9208
0.1125
2.2928
0.8727
1.1766
0.5941
3.9552
1.3707
0.0371
1.6560
1.1047
5.4082
2.9496
2.1131
2.6985
0.9832
2.3512
3.7889
2.3311
1.5650
2.4322
1.5584
3.9877
3.9840
2.0065
1.8927
2.3416
3.3584
0.1354
3.8682
3.3686
1.4792
4.3197
0.4381
1.6286
1.9553
4.0779
0.1213
-0.0220
2.7578
1.5712
4.1863
2.7135
0.7427
2.4681
2.1237
1.4161
1.6550
2.0470
2.9563
3.0153
2.5966
3.7758
1.9627
5.0368
1.4190
5.8484
4.2157
1.5386
3.6892
4.2456
0.8440
3.1916
-0.4456
3.9480
2.1270
3.7059
0.9863
2.4195
4.2925
4.2008
1.7539
1.1430
4.3824
1.8052
4.2247
3.7145
2.5609
4.0321
1.9585
1.5253
0.8186
9.5479
0.1764
7.3684
7.0723
7.1864
1.0440
0.7237
4.3283
2.0625
0.7040
5.0561
2.5649
1.9967
8.4173
10.1848
2.2516
0.3857
3.5551
1.8705
1.4880
2.7368
2.3550
1.2489
3.2829
2.1486
1.3037
1.4052
2.6118
10.8111
8.3403
5.4391
10.6301
1.3540
2.4063
2.6056
2.4899
10.6025
1.0709
4.0100
9.5707
3.0105
1.5660
6.7581
6.8610
4.1680
2.7860
0.9860
7.8431
3.2898
3.5997
3.3957
2.7237
0.3507
2.6794
-1.2437
1.4808
-0.8631
1.6679
1.8313
0.5685
0.2957
1.0716
0.8290
1.6830
1.1983
-0.5046
0.3818
2.3173
12.0937
0.5449
1.1035
3.3363
2.1284
0.6514
3.5555
2.2577
2.3515
2.6653
1.5370
0.9134
2.1688
2.8815
0.4209
0.8374
3.3543
0.5203
2.4161
1.4979
1.0679
0.3215
-0.4298
3.4478
-0.4276
2.0888
1.8856
-0.0750
2.6947
1.4652
1.1565
1.5415
4.6615
2.6487
0.7310
6.0249
4.5190
1.0278
4.1173
-0.0743
1.0580
1.0555
1.1874
8.9725
8.5195
1.8175
1.9838
2.6515
3.5234
9.8712
3.7146
1.5915
2.2084
4.8621
8.1225
5.4774
1.4698
0.6985
1.8341
1.2274
3.3480
7.9785
2.4741
10.5313
4.4537
6.3933
4.3661
3.0872
1.9653
2.7731
4.4044
7.6993
3.0583
7.4381
7.6598
2.3356
1.8809
9.9498
1.4318
4.9605
9.2075
4.1201
10.1640
4.3407
3.4731
2.7780
-0.3850
-0.2727
2.8169
8.0436
7.8248
2.4682
3.5972
2.8403
8.9928
2.3535
7.8319
3.5224
3.5462
3.2607
2.6651
2.6380
1.5172
0.7045
4.2879
-0.8762
4.0274
2.8767
9.8903
4.8566
0.8338
1.4159
4.1504
4.2936
2.3773
2.8045
6.8808
2.4436
3.0913
4.0797
2.9531
4.2797
3.6644
7.8889
2.5350
3.2069
3.8208
3.6205
2.7568
5.6087
3.3341
3.0863
3.9827
4.4600
2.4392
7.2825
3.0745
3.8547
10.5454
2.3465
3.5340
2.1402
4.6372
3.4821
5.2887
3.1327
4.5972
3.9211
2.4031
2.9045
9.8754
6.2104
4.1782
5.0518
5.8394
3.5490
4.8661
3.0292
2.4654
8.8999
8.7799
3.8017
3.9130
8.5614
2.8949
4.1527
4.4327
3.7862
2.1359
2.1708
0.7137
2.4817
9.1479
3.9697
9.4700
3.3900
5.1971
11.1325
4.6181
2.6193
5.2905
1.9893
4.1279
4.4251
2.9391
1.6296
8.9422
9.2483
4.2661
3.3499
2.0817
2.4660
4.0000
3.3526
7.8736
0.9033
3.4298
2.8164
2.9506
3.9920
3.3253
2.1235
3.3749
4.8613
3.0770
2.0090
4.2653
3.3074
2.6016
3.1482
3.1125
3.3140
8.4619
3.8322
2.8466
3.1959
3.8470
10.3352
7.9362
2.0840
8.4262
3.6141
7.1539
2.7185
5.6742
2.5272
5.0818
8.9525
2.6947
4.8144
4.6836
10.2676
2.9661
2.5034
8.9475
2.5720
4.3126
4.3930
3.7214
4.2783
2.4061
2.5624
2.7575
0.8132
5.8296
5.1187
7.3517
4.1500
2.5540
1.8655
2.5558
2.9932
4.5136
3.4857
2.6538
1.9273
9.8420
3.2907
4.6373
4.1748
8.4835
3.8131
1.7856
3.6033
2.5358
2.6341
4.7578
4.2191
2.4796
2.5560
2.4306
3.6598
1.2851
4.3242
3.6160
3.5119
3.9308
4.6899
2.5648
3.4186
8.3341
1.4808
3.2868
4.0844
2.9684
1.9971
5.8842
4.7464
3.1812
2.4564
3.0092
1.9481
3.2553
4.0438
3.1400
2.1522
3.8001
2.8668
2.9682
3.8021
4.4726
4.2420
4.6671
3.6458
3.6823
2.8333
8.1600
4.0348
3.5680
2.7194
3.8348
1.6654
3.0184
4.7569
3.2421
2.2597
3.9486
4.2368
1.8515
3.0624
3.1888
2.7518
4.4696
4.0248
3.2587
3.0414
2.4074
4.2483
3.3311
2.5662
4.1366
8.0095
6.2080
6.0377
11.6709
11.2619
3.9311
10.8924
2.8364
3.3978
6.1806
2.5076
2.9948
4.6452
3.6180
2.9655
3.0971
5.3334
2.5544
2.7370
3.5471
1.9787
3.9987
5.3989
4.9545
3.0044
5.2507
4.6704
1.2930
2.2435
-0.8621
2.1846
5.3752
2.2927
4.6688
2.5997
6.2069
3.4776
2.9736
4.7298
2.7719
3.2739
4.1884
2.8048
3.3913
2.6820
3.4670
4.9061
3.5431
5.7281
3.8104
2.0010
3.4080
4.3689
3.9619
5.0361
6.1373
3.2712
3.5369
2.6188
4.2180
6.0223
3.3671
3.9480
2.8714
2.7019
3.9509
4.5852
3.2083
2.7484
3.4722
2.1671
3.2729
4.7163
2.6768
2.2722
5.5455
3.5263
4.8520
3.8858
3.0853
2.8966
3.5258
4.5961
2.4394
2.0641
4.8804
3.9130
3.4835
3.8843
3.6542
3.1643
4.2920
4.9753
5.2001
2.9358
10.2164
3.6218
3.7713
2.5713
2.7186
2.1474
5.5051
5.3164
4.0662
3.2572
4.7694
6.4659
4.8618
2.9472
4.3547
1.9321
3.6502
4.6403
4.1005
3.9023
8.9300
3.5685
4.4578
3.4908
3.7931
3.1959
4.6175
5.5983
3.2736
4.1427
2.1296
4.2494
3.1415
4.2534
8.6904
9.0595
0.7505
4.6610
3.5775
2.0491
2.9413
3.4863
3.0083
2.1850
3.1357
2.6814
3.8667
4.7704
4.0091
3.1608
4.2647
4.3756
3.1003
0.9694
4.3138
2.6594
4.0420
4.4479
3.5407
3.0296
6.5606
4.7406
4.2976
3.3898
4.5753
2.5852
4.4838
7.5026
2.8804
2.6500
3.6441
3.8280
2.6891
3.7894
3.2556
2.2075
4.6376
3.0231
3.4609
2.8027
4.7643
3.4103
3.0040
2.7660
3.9324
1.7823
4.3306
4.1606
2.8090
2.8178
5.2315
4.1749
1.9620
3.7117
3.9841
2.4363
4.5836
4.5264
3.9260
2.6090
5.1769
4.5847
3.2020
2.9265
1.9748
3.2786
5.1486
5.2442
2.8423
3.5316
3.8268
3.8018
2.5034
2.9806
2.7681
3.2988
4.1565
4.1553
3.4177
3.4312
4.4086
4.3203
3.3875
3.1625
4.4169
3.8151
2.9478
5.4745
3.7385
3.5687
4.3182
5.2834
3.4287
2.8302
3.7563
2.1792
4.4486
4.9422
3.4168
2.8143
3.7952
4.6254
2.7671
4.0109
3.6848
3.2373
4.5052
5.1819
4.0771
2.3368
4.5695
2.4403
3.6086
3.1851
3.4678
2.6600
4.6687
4.5800
3.2857
3.5305
3.3351
3.3256
3.5116
3.3243
3.9385
2.8373
4.4511
4.0793
5.0467
2.0316
3.7776
3.3033
3.3169
3.9749
4.1193
3.6812
4.7264
3.5130
4.1711
2.5212
3.2356
4.1770
4.0627
2.5254
3.6881
3.7701
4.2623
5.0588
4.3610
3.7494
2.7021
5.0039
2.2094
4.0698
3.0366
2.7278
5.4917
3.1650
2.9194
2.2218
4.5786
4.0372
3.6954
4.0988
4.4882
2.5007
3.8471
4.4966
4.3225
3.1027
4.2350
4.2343
2.7304
3.0352
3.6332
3.2215
4.5983
4.6548
3.9277
3.1145
3.1628
4.4571
3.3763
4.1614
3.8938
2.8423
5.0490
5.4434
4.3555
3.2234
4.3290
4.1652
3.5295
3.9548
4.4108
2.3402
4.1501
4.0343
4.4423
3.2409
3.1076
3.1341
2.9153
4.4027
3.0648
2.4061
3.6782
4.3503
4.4169
3.6786
4.6407
4.0499
3.6667
3.5570
3.8838
3.1173
4.4485
4.9129
4.6401
2.5998
4.6062
2.7936
2.9004
7.2153
3.8555
2.8604
3.9404
4.1631
4.2573
2.6182
4.0175
3.7105
4.4989
7.4939
4.7214
2.4078
3.5473
3.6972
4.1200
3.4467
3.9362
4.4454
3.0852
3.7564
4.5403
1.4211
3.1613
3.9203
2.7938
2.5516
3.6008
2.3245
3.6530
2.7232
3.2126
2.6215
3.8657
5.0030
3.4502
2.5187
3.6928
3.8248
2.4416
3.6576
2.8778
2.2401
4.6681
4.6976
3.1625
2.8480
2.8554
3.7512
3.4538
3.4575
3.8205
2.7165
3.6646
5.4409
5.4534
3.1227
4.1638
3.1821
3.5231
3.5728
3.9591
0.7148
4.5411
3.9930
3.5658
2.0884
4.3121
4.4190
2.7656
3.6550
3.6665
2.5548
3.4131
3.9412
3.4861
3.7551
4.4042
3.7034
3.5879
4.4702
3.9485
2.2861
4.0775
4.5858
3.1825
3.8616
4.2114
5.1452
2.8122
3.4002
5.2907
3.5142
3.2365
6.7314
2.6437
5.0238
3.1091
4.6039
2.8957
4.3469
3.6853
2.6464
4.6782
5.5823
3.6581
2.3696
4.0919
4.0780
4.1101
3.2647
4.1829
3.0743
4.5288
5.0608
3.4542
3.8159
7.5132
4.7777
2.9473
3.1887
3.1691
2.3719
2.3542
2.3257
3.7736
2.6500
4.1086
3.4154
3.0265
3.6227
3.9385
2.9606
3.9155
3.9423
2.4050
2.8804
3.4214
4.0962
3.6912
3.8397
3.6835
2.8037
4.5257
4.8709
4.6143
2.6848
3.3395
5.1596
2.5631
2.2780
3.3167
2.4284
5.9096
5.8665
3.1578
2.6371
2.6041
3.9192
3.3130
4.5042
3.9763
2.9250
3.9980
3.9495
3.8098
3.7698
4.9534
4.5511
3.1527
3.8976
2.9850
2.2816
4.2300
4.5160
3.3977
3.3639
4.9151
3.6877
2.8712
4.5088
3.8978
2.6290
5.5299
4.5432
4.0983
3.3101
3.5941
3.5606
3.3292
3.5311
4.9753
2.9649
2.5555
3.3410
2.6014
4.0498
4.0635
3.4693
4.1398
3.1901
4.7462
2.7045
5.8710
4.3284
2.8880
3.2875
3.1673
3.5484
2.1896
1.2553
2.3678
1.3577
0.7539
4.6650
2.7515
2.4568
2.1149
3.9593
3.5750
3.8009
4.4599
2.6097
4.7606
4.6219
2.3386
3.3069
1.4059
2.4167
2.3976
2.3154
1.2354
2.3875
5.8315
4.9348
4.6304
3.1134
4.0729
3.5643
3.3611
3.0632
3.3429
2.8116
5.0925
3.5818
2.5620
3.1265
4.2958
4.2700
2.6389
5.1725
1.8287
2.0634
4.3367
4.8079
3.5039
2.4188
4.3199
3.3148
3.9718
3.4256
3.7165
2.3001
4.8145
4.6914
3.4530
2.4234
2.3482
2.9467
3.3044
3.4288
2.4628
2.7832
3.6684
4.7242
2.5603
2.8380
4.9940
4.0084
2.5912
2.4035
5.7032
2.1881
4.7133
4.8034
2.4092
3.2303
3.5551
3.9799
2.8612
4.0287
4.1216
2.3580
6.0444
4.1758
4.6337
2.8721
3.9349
3.6773
3.3780
3.5160
2.9453
2.1239
3.8895
3.8466
4.1404
2.5920
3.9348
3.0042
3.3876
3.5960
3.0133
2.7278
3.7516
2.6007
3.2463
2.9982
2.7798
3.2745
2.5541
3.7276
3.7445
2.3308
4.2780
4.8605
4.0621
3.0823
2.6203
3.1455
3.3019
3.5894
4.0299
2.5093
4.1384
5.2808
3.6108
3.0371
3.3395
3.6920
2.8694
2.6145
2.1684
0.7173
2.9860
2.0918
2.7191
2.9107
2.7146
2.3429
1.8067
1.4752
3.5891
2.9445
5.6260
4.4389
3.8190
3.9178
2.0169
3.0625
2.6021
3.2869
3.6870
2.6167
6.6220
3.4529
3.3994
3.8354
4.6957
1.5412
3.0526
3.8241
2.2732
2.7844
3.7120
4.3629
4.7521
3.1704
3.2943
3.5154
3.1485
3.9988
3.6637
3.1118
3.7781
3.5950
4.1729
2.9119
3.0884
4.0226
3.8260
3.5504
3.7976
2.8459
4.1579
5.3369
2.5776
2.7188
3.7301
3.2138
2.8657
1.8441
3.5373
1.9337
4.4992
3.7016
3.7050
2.4486
3.3898
4.0606
3.6437
4.1406
3.5167
2.4838
4.0671
5.0794
3.6740
3.0413
3.5702
3.7537
2.1771
3.0941
4.9798
3.0783
3.8933
1.7846
2.1027
2.4137
3.5914
4.2308
2.8319
2.9319
3.3244
2.2080
3.6890
5.6105
4.0260
3.2633
4.0761
3.7070
3.1499
3.5415
2.7529
3.9960
4.5347
4.2913
2.8440
2.3739
2.7434
3.6054
4.2567
4.4531
4.2517
2.4276
5.5502
5.1497
3.8272
2.7901
4.0342
3.8943
2.7860
3.2703
4.2339
2.7132
2.6956
3.9321
3.4560
3.8304
3.8127
4.6931
4.3484
3.5407
4.5023
2.1396
4.8095
5.0951
2.6672
4.1192
2.7496
4.5029
3.4067
3.9212
4.2212
3.2597
3.6766
4.0994
3.1658
2.9568
3.5308
3.8801
3.6523
3.5212
3.3591
2.7890
4.0593
3.5716
3.1872
3.3805
4.6198
3.3866
3.3843
3.8930
3.4654
2.9303
4.3618
4.4544
2.8553
3.1576
4.7840
5.6271
1.9260
3.6481
4.7734
2.7464
4.5689
4.6429
3.5447
3.6440
2.2826
3.8770
2.1480
2.9791
3.0256
3.2820
3.5137
4.5021
3.8124
2.7919
3.1231
4.4939
2.8080
2.0747
2.3616
2.0381
6.9625
4.0485
3.5066
2.8811
3.2104
4.0371
3.4052
2.6552
3.8531
2.9634
5.0485
2.3712
2.9198
4.3107
-0.4395
4.0204
3.8444
2.6266
4.5944
2.7363
3.7856
4.1907
3.4149
2.5985
3.9838
4.4646
2.9944
3.0440
1.5358
1.7348
4.7846
3.7644
2.4976
3.7136
3.3001
4.5394
2.3477
4.0998
4.2060
2.8262
3.7886
3.6058
4.1994
2.7896
3.5742
4.1140
3.8359
3.4075
3.6241
2.9035
4.7069
4.0509
3.1221
2.6565
3.5419
3.3982
2.5012
0.9335
2.8597
2.1339
2.9949
4.0201
2.4839
2.9851
3.9721
4.6132
3.6665
4.0005
4.6204
2.5334
3.4991
4.7691
3.3326
2.7966
3.4266
3.6431
2.0864
2.5697
4.1139
2.4287
3.9576
3.9553
3.5039
2.6082
3.8506
3.0437
2.8990
2.7906
4.3956
2.6879
5.1171
4.3788
3.5803
3.0147
4.2983
4.1699
2.4041
3.8930
4.5749
2.1691
4.1835
3.3890
4.1181
2.7054
3.4036
3.6628
3.5768
3.1995
3.8244
2.3682
3.2149
5.6546
3.0246
2.8371
3.0610
4.2870
2.3089
3.3347
4.1630
2.7096
4.0822
4.2875
3.1826
0.0101
4.5751
4.5025
4.2693
3.6214
3.5017
3.0373
4.7388
3.2178
3.2247
2.0709
4.0441
3.9448
2.4991
3.0679
4.0779
2.7334
3.9847
3.7402
3.8259
3.6629
4.8566
4.0632
2.7604
3.3251
3.4398
2.5867
3.7510
3.5258
4.1823
3.1531
1.6286
4.9171
2.9202
3.2331
3.5180
2.2508
4.1412
3.0845
3.3879
3.4208
2.7837
4.3727
3.6523
2.7359
2.9752
2.6187
5.4544
4.8062
3.1218
3.4542
3.3318
3.5101
3.3055
2.3304
4.0492
3.4898
4.1138
4.0691
2.6379
3.7259
3.4756
3.7739
1.6643
3.2717
3.6029
2.7769
4.0401
5.1556
2.7791
2.5114
3.8656
3.7685
5.9863
3.2459
4.5017
5.2571
4.1932
3.5397
3.6540
3.0127
3.9489
4.2863
2.9221
3.7700
4.0285
2.4965
3.7880
3.2045
3.7236
1.8588
3.7532
3.6056
5.1788
3.8409
3.2762
2.1297
4.5516
3.8873
3.6074
2.9279
3.3041
3.6501
2.5202
2.4823
3.0808
1.7463
1.9659
4.5781
3.6887
2.5433
2.9600
3.7709
0.3660
4.4833
3.0051
3.1035
5.2012
4.4900
2.9143
3.0738
2.2696
2.9342
2.7215
3.3796
4.4180
3.1086
2.8397
4.1038
4.1885
3.3295
4.5430
2.8167
3.7468
4.2546
4.1526
2.4074
4.8951
4.8566
4.1642
3.2850
3.5381
4.8945
3.2331
4.4784
5.0771
3.0764
4.3757
4.0602
10.6934
3.0044
3.1260
3.1816
2.3650
3.9629
2.9925
2.5233
3.7056
3.8390
3.4519
2.7711
3.4944
3.4135
2.9346
2.9893
3.4052
2.4480
4.5066
4.1099
2.4301
2.1214
2.9490
4.1153
0.0093
2.3407
5.6610
0.2393
3.9108
2.7879
4.0031
1.9781
2.5436
4.4393
3.1472
3.4755
3.9772
2.6969
4.8048
4.4966
3.4538
3.6048
4.2059
3.8213
3.9270
4.5475
4.3972
2.5758
1.8712
4.1867
3.2150
1.5725
2.8698
3.6897
3.4264
2.8540
2.0323
2.7142
4.7292
5.0513
4.8338
3.5969
3.7024
3.4114
3.2965
4.0659
3.4435
2.5293
5.1763
0.4288
4.3235
3.8666
3.9624
4.0373
3.2397
3.8976
3.0767
4.2897
3.8955
3.9542
3.3935
2.5836
3.5473
1.4195
4.4009
2.4180
4.3865
2.4886
3.9428
1.2794
2.3150
2.8238
4.2675
3.2610
4.1491
3.7092
3.7941
1.6401
3.5180
4.1294
3.9808
3.7985
4.8733
3.1304
4.3009
3.9319
4.2059
2.4815
4.7659
2.8425
4.0645
4.6950
4.2484
4.6464
2.5567
2.9303
3.3072
1.9692
4.4796
3.7375
2.5954
3.9456
4.1901
4.4358
3.0897
3.5069
3.8063
3.6693
4.2939
5.5819
4.3078
4.1352
1.6304
3.0561
3.3598
4.1779
4.3013
2.7533
3.8714
2.9405
3.0121
2.3489
3.7046
3.8212
2.3781
3.3003
4.0664
2.4031
3.3312
2.0604
3.6468
2.4124
4.0839
3.1974
3.1457
3.4867
1.2086
1.5995
2.4063
4.3269
3.3007
2.1192
3.9440
3.4477
3.6119
2.8964
3.9393
2.9229
5.5765
4.3686
3.1304
2.1433
3.4639
3.2967
2.3098
3.2827
3.9482
2.6013
4.8087
4.1175
4.8293
2.4363
4.1995
4.0707
2.9598
3.4914
3.6811
2.3404
3.3454
4.3902
4.2446
2.4540
4.4833
3.2603
3.2887
2.6381
3.0091
2.3043
4.3212
5.1161
2.1511
3.2651
3.4617
2.7232
2.6761
3.3534
3.7911
2.2991
3.0554
3.3858
3.1821
3.6220
4.5069
2.2730
3.0485
2.4578
2.0708
2.6697
2.6364
4.7679
2.8904
3.6524
2.1764
3.3075
3.1278
4.4067
3.7621
2.1820
3.7241
7.0224
3.2632
2.6561
4.5079
3.6643
2.8228
3.5287
4.4174
3.2082
3.6383
2.0705
3.0422
2.4504
4.1249
3.1888
3.1314
3.8166
4.1110
2.9433
4.2078
4.4190
3.1780
2.1207
3.8316
2.7874
3.2753
4.0604
5.1090
3.1402
3.1223
5.7803
3.5615
3.4995
4.6240
3.4294
3.1335
3.9068
3.3631
2.4127
4.1704
4.2354
4.6285
3.1258
3.7000
3.4509
3.2761
3.0843
4.2878
0.8865
2.1289
4.6572
3.5895
2.2808
4.6703
3.9079
2.9779
3.6535
3.7824
2.5499
4.5584
4.4278
3.6928
3.0192
4.1316
4.2332
3.2753
2.5330
3.7882
3.2729
4.4943
4.7549
3.6553
3.0401
3.7975
4.0756
2.7228
3.5496
3.4047
2.5623
4.7199
4.5261
3.2492
2.9314
1.0889
4.5126
3.7670
2.4470
3.3781
2.4381
4.8213
5.4661
3.6476
2.7028
3.1177
3.9222
2.5845
4.5791
5.8102
2.6202
4.0892
4.7510
3.6645
3.8493
4.1432
5.0263
3.3133
3.9235
3.6015
2.9267
3.7521
4.7901
3.6730
3.6306
2.5446
3.9035
3.3489
3.4166
4.9356
2.3844
3.3016
5.0092
3.9201
3.2839
3.7761
3.8181
1.8253
2.8752
3.5740
1.3961
4.0656
5.4838
3.2139
3.7933
3.9867
4.6734
4.0848
4.1308
4.2744
2.3184
2.6895
4.3185
3.0133
2.6313
3.4798
4.2488
3.5607
3.9144
3.9231
2.5803
3.4118
5.6918
4.1264
3.1486
5.1464
4.4563
3.2884
3.5024
3.9166
2.8657
3.0989
2.9140
3.1282
3.8550
3.7989
3.1221
3.5543
3.2607
4.1653
3.9017
4.3124
3.3058
4.2804
3.2323
3.7902
4.1394
1.5785
3.6414
3.5265
2.1431
4.0667
2.5344
3.3320
1.4570
4.0455
4.0659
2.5244
3.3807
4.0517
2.6103
3.3579
4.7321
3.5259
3.3685
4.4371
4.3974
3.1985
3.9085
3.8045
2.5828
3.3216
6.7553
1.6649
2.9510
2.9178
3.3086
3.9243
3.7130
2.9127
2.5697
5.2397
4.8490
4.0422
2.8944
3.9103
3.4149
3.3940
3.3966
3.5783
2.6024
4.0389
4.3288
2.4130
3.3273
3.8798
2.8905
1.9777
2.6788
4.3112
2.6905
4.1738
4.5165
3.8039
3.1192
3.3385
3.5876
3.4088
4.7840
3.0379
2.0765
4.7230
4.9882
2.5221
2.7519
3.8617
4.5668
2.9229
3.7225
4.8332
2.7427
3.6806
4.9039
3.0342
3.0772
4.6074
2.9214
3.4070
3.5702
5.3039
2.7739
4.9978
4.7333
3.4882
3.1349
3.8784
4.7624
4.3933
3.4822
4.5578
1.6525
4.2015
3.8625
3.3381
2.7831
3.0611
4.7159
2.9996
3.9379
3.6422
2.3394
3.5700
4.7258
3.0612
1.8924
4.0306
4.2104
3.2318
4.2716
4.0792
3.2042
3.6919
4.1958
3.1693
3.1837
3.8610
3.4790
3.4601
4.4629
3.6884
2.0131
4.4576
6.9298
4.0898
2.9798
4.5150
4.2773
2.6493
2.7441
5.5941
2.9578
1.9694
5.5950
5.0444
2.8989
4.6626
3.5297
3.2158
3.4924
3.8985
2.3821
3.4309
5.6860
5.4576
3.5022
3.9491
3.8246
3.6469
4.2504
5.0114
3.6616
4.0118
3.0784
4.3804
3.3522
4.3951
2.6649
3.2134
3.1230
4.2428
1.8652
4.3144
5.1618
4.3572
3.3151
3.6737
3.6832
3.2102
3.7232
3.1758
2.3059
3.5241
5.0232
2.6965
2.9764
2.9274
2.4246
3.5467
5.3918
4.1094
2.9676
4.4943
2.2810
3.3621
3.5437
2.5447
4.2194
3.9590
4.1436
3.0573
0.4514
3.6167
4.3843
3.9729
2.7881
3.7306
4.2317
3.1574
3.7374
2.2041
2.4893
5.1836
4.5296
2.2251
2.9765
3.5981
3.5745
3.3742
3.4810
3.8810
2.8169
4.8000
4.2775
2.6947
3.7869
2.3382
3.6796
2.7139
3.6727
4.5590
2.5396
5.1598
4.6659
4.7936
3.7672
4.0394
3.8136
3.4697
3.5771
3.3362
2.6907
3.9766
5.0898
3.4144
3.2609
4.5836
3.7523
3.2240
1.9666
4.8777
2.2467
8.0004
3.8855
3.4539
4.0696
1.0929
4.5454
2.9946
3.5472
5.5210
2.1074
3.7319
5.1104
2.7575
2.8651
3.8251
2.8446
3.6683
3.4824
5.2292
2.5687
3.6801
4.1081
2.6647
2.1728
2.9252
4.2206
3.1025
2.9452
4.2464
3.2682
4.3931
3.6132
3.1579
2.7128
3.9541
3.6376
2.9309
4.1868
4.2270
2.9024
3.1496
4.4434
3.4340
3.5855
4.8614
4.3011
4.5724
4.0572
5.4478
3.1766
4.6453
5.2750
3.6357
2.7125
4.9906
4.4736
3.0933
4.1052
4.1373
2.1464
3.4916
4.0299
3.4767
3.2209
4.6402
4.7692
2.7909
4.7415
3.6617
2.3337
4.3270
4.1051
3.9817
3.4411
2.1048
3.9450
3.7489
2.1262
3.7980
2.1798
3.3449
4.3039
4.5655
2.9919
4.2802
3.4762
3.9333
2.4753
4.2083
3.0917
3.9747
4.9334
3.1487
2.3963
1.6130
4.0958
3.2881
0.5107
4.3406
2.8160
2.4174
4.5501
2.6594
3.9649
4.5093
3.9108
0.5363
5.0478
4.0899
2.3613
4.9823
4.2542
2.7187
2.5847
4.0665
4.2810
1.9274
4.7965
4.0776
3.2732
4.5772
4.2927
3.6139
4.1466
3.6867
3.7084
3.2917
3.2154
4.8334
2.1888
4.0133
5.5495
3.1216
2.4116
4.0679
3.3926
3.5131
3.3539
2.9935
2.5801
4.0299
4.1551
3.3955
2.8558
2.9650
4.1515
2.9645
4.5171
3.8397
2.9299
4.0823
3.7696
3.7319
3.1028
1.3107
3.5136
3.3209
3.6808
3.9198
2.0899
3.6140
5.1512
4.0935
2.4312
1.9803
3.2125
2.8661
3.8715
2.1801
2.5703
4.8208
4.7598
3.5714
3.7754
4.1786
4.7638
2.3438
2.2092
4.1558
2.5432
3.4057
3.8290
5.8253
3.3330
3.2682
3.7415
3.2416
3.7854
3.7326
2.6223
3.9298
4.7304
3.2123
2.6464
3.7452
3.8138
3.6549
4.7411
4.3705
2.5707
5.1599
4.1453
3.6301
1.9463
3.8939
3.5490
3.3541
2.6103
3.8241
1.3736
5.1081
5.1338
4.0950
2.8671
2.9588
3.9334
4.0920
2.5061
3.8498
2.2860
4.0603
4.3627
2.7359
2.8544
4.1173
3.8476
4.0885
3.0049
4.4888
2.1731
4.1450
7.4111
3.1275
3.3251
3.4887
4.2291
2.8735
3.5232
3.9771
2.7895
4.1811
4.0391
3.0872
2.7527
3.5788
3.7199
3.3367
3.8245
3.5018
2.5050
3.6260
4.9401
3.8796
3.3146
3.5050
5.1348
3.0385
3.8661
3.0898
3.6001
4.1099
3.6575
3.0029
4.1883
3.9850
5.2141
4.5748
3.6237
4.3009
2.0863
4.6995
5.7628
2.8872
4.0297
3.3572
4.3551
3.2361
4.0097
4.2757
2.8709
3.9112
5.6979
3.4765
3.7028
5.0138
4.8922
2.6126
3.9675
4.4363
2.6424
4.0714
4.4817
2.7831
3.3589
4.7219
4.0559
3.6601
3.3072
3.1502
4.0557
4.6265
5.8216
3.1821
2.6490
3.0411
3.5963
3.1350
3.6018
4.7092
2.0073
3.4792
6.0084
3.1733
2.6381
3.8564
5.2506
3.3483
2.8692
4.1662
3.1211
3.9414
5.0037
3.8820
3.5926
3.1574
3.7154
2.6303
3.3725
3.1411
2.9505
5.0824
5.5785
3.5628
3.0564
3.6544
3.8355
3.0035
4.0027
4.5410
2.6516
5.0089
4.9521
4.1774
2.2138
4.1929
3.4771
3.1122
3.3285
3.7326
2.2737
3.7038
4.7996
2.6973
2.5368
3.9126
3.7944
3.0314
3.3256
8.1855
-0.7005
4.3140
5.6708
2.7118
3.9863
2.8149
5.1647
2.5330
3.5253
3.6830
2.0635
4.2484
2.3679
3.6775
3.5364
3.0781
3.8660
5.5424
2.0112
4.4614
2.5828
3.1941
3.7678
3.3169
3.5125
3.9438
4.3326
2.3883
2.9168
2.5766
2.4342
6.0065
4.7131
2.0370
2.6554
2.9394
3.7583
3.5370
3.3711
4.0236
2.0374
6.1056
4.2264
4.5238
3.4490
4.4122
4.4014
3.2499
4.0377
3.3046
3.0628
4.0906
6.2952
4.6257
2.4688
5.0711
4.5011
3.9370
3.7653
3.6521
2.3595
4.3101
5.1804
3.1210
3.7488
3.8459
4.5674
3.4231
3.2377
3.9309
3.0935
2.6132
4.4316
2.9574
2.7974
3.6922
3.9397
3.5734
3.4188
4.3683
5.5090
4.6952
4.7710
3.1922
3.2366
4.5836
2.4676
3.0213
3.3410
3.7966
3.0592
5.7250
5.1551
1.9250
3.0516
4.1701
4.4549
3.0253
2.1637
3.9015
2.6191
4.3519
5.1956
2.4954
2.9768
4.0029
4.3964
2.8776
3.4940
4.2272
1.8872
4.5199
4.3192
2.5873
2.9622
3.9990
3.3551
3.5825
3.1131
3.5688
2.7563
4.2428
5.3447
1.8748
3.3397
3.2026
3.5034
3.0932
3.2308
3.7530
3.0534
4.1809
3.4808
3.3233
3.3872
3.5657
3.7489
2.6530
2.4823
4.1329
2.1109
5.3743
4.3345
3.5788
3.0587
3.1912
3.2509
2.1871
4.2822
4.3323
2.4571
4.4226
3.4449
3.1649
3.8377
2.9375
3.2098
2.9123
4.0002
4.2358
3.3011
3.6252
5.6375
3.3569
3.1355
4.5298
5.1275
2.8045
1.5979
3.1291
2.6102
4.1301
4.4573
4.0785
2.7476
3.4276
4.1467
3.5817
2.3318
3.1201
2.2051
4.3132
4.5259
3.3286
2.4414
4.1272
2.8317
2.9352
3.9137
4.2014
3.3404
3.8268
3.6642
3.8125
1.4006
3.6678
4.5667
3.6948
3.4546
4.3114
2.9358
5.6842
4.2437
2.8881
3.7168
3.3522
3.2990
1.2662
3.5074
3.5631
2.6250
4.7077
5.0805
3.6029
3.1461
3.3301
4.0941
2.7456
3.7280
4.6081
2.3563
6.1009
4.6195
3.7355
2.1116
2.8774
3.5727
3.8579
2.9549
3.9529
4.8382
4.1483
5.6234
3.0821
2.9482
4.6954
4.4537
4.6907
2.9290
4.1550
3.1594
3.5262
5.0426
3.7031
2.8348
4.2961
4.3943
2.7239
3.8570
3.9187
2.7147
4.5254
3.8264
3.2554
3.0652
5.1395
3.3272
3.2382
3.7207
4.3115
3.3056
4.4696
4.6493
2.8590
3.1180
4.6954
3.9040
2.8410
2.9631
3.8169
3.1280
4.4136
4.6839
3.7893
2.7076
3.3609
3.7192
4.0349
3.6709
3.8414
1.1688
3.7420
5.2071
3.6082
2.5383
3.9579
3.5809
3.0146
3.9022
3.4448
3.1534
3.5676
5.7460
3.5285
3.1780
3.7903
4.4910
3.6892
4.1899
4.0410
2.6502
5.0732
4.5338
3.3029
3.2842
3.2624
3.5865
3.6067
3.8295
3.7429
2.9440
4.8209
4.7908
3.0319
3.4254
3.9496
4.1482
3.0405
3.2414
4.5233
2.8801
4.4150
4.5817
3.5673
2.6270
3.4473
3.7717
3.3081
2.9375
3.9546
2.9869
4.1059
3.6934
3.9648
2.9259
3.7365
5.8716
3.7261
3.9808
3.5908
2.1942
4.7237
3.6017
3.4700
2.7247
4.5067
4.4061
3.6680
3.8297
4.2703
3.4697
4.7967
4.3798
3.1236
3.4769
4.4766
4.1568
3.0903
3.0532
3.7390
3.0329
3.8458
5.2281
4.1697
3.6953
4.4747
4.0344
3.7761
3.8497
4.5260
2.3591
3.9408
4.6358
4.7791
2.8261
3.5456
3.9543
3.0807
4.1371
3.2071
2.1861
3.9227
4.2564
4.9909
4.4451
3.3740
3.7432
3.0588
3.8078
4.4161
3.1325
3.9790
4.6092
4.2066
2.8968
4.1123
2.7503
3.2868
3.5392
4.8356
3.1844
4.6868
4.4347
3.5635
3.6404
4.4352
3.0354
3.3232
4.0397
4.1001
2.5736
5.2633
6.1084
2.9989
3.2569
4.3359
2.9228
2.7910
3.0869
3.0461
3.4125
3.8443
3.4067
2.2339
3.2927
3.1703
4.0538
2.3322
3.5229
1.9601
2.4608
4.3503
3.4942
3.6931
3.2937
3.9220
4.6087
3.7794
3.3552
3.9068
3.0674
4.1032
4.5340
3.4788
3.4538
4.0743
3.0534
3.1749
2.9355
4.0815
2.8633
5.1133
4.2099
2.3687
3.7346
2.4573
3.3724
3.1233
4.3922
3.4682
1.8593
4.4944
4.0909
3.2682
2.8472
3.8848
4.3076
3.9542
3.4223
3.8892
2.5554
4.3309
5.4371
1.8109
1.9773
3.1617
3.1299
2.0853
3.1351
4.1752
2.1447
3.8469
4.8596
2.9440
2.7657
4.2347
2.4915
3.0990
2.7300
4.6511
2.5765
4.6808
4.1236
3.6062
2.7441
3.5531
3.6643
1.4045
3.4807
3.7935
2.8965
4.4640
5.6393
3.7715
2.7603
4.3635
3.8820
2.8438
3.8369
4.6340
3.0250
3.9249
3.9586
3.1633
3.2179
4.1573
4.4004
5.0135
3.2864
2.9770
3.4698
4.5741
4.0093
3.5019
3.0590
3.5789
4.4459
3.3653
3.1442
4.2167
2.7393
4.2242
4.0420
2.9821
3.1624
3.1801
3.7747
2.9640
3.3860
4.2114
3.3174
4.9270
4.2047
4.6256
2.8624
3.5370
4.4779
2.8277
3.2423
2.9672
2.3461
3.2518
5.0990
2.2401
3.1817
2.9075
2.9844
3.2197
3.3791
3.3803
1.9913
3.8003
5.0623
3.0384
3.9123
4.0564
4.0267
2.9262
3.0470
3.9576
2.0730
4.8896
4.7687
4.7638
3.3997
4.2576
4.9729
2.9674
3.5738
4.5023
2.3638
3.8906
3.5203
3.7182
2.9352
3.5561
2.6140
2.6542
3.8482
3.6086
2.9513
4.0620
5.5329
3.9571
2.5439
4.0381
5.1412
4.7311
4.0831
4.0167
2.3379
4.0346
3.7925
3.6778
3.1843
3.7498
4.0553
3.3622
3.5233
4.3055
2.5894
4.4014
4.9153
3.2011
3.0405
3.4485
4.4667
3.9367
4.3260
3.7457
2.8395
3.5250
3.4980
3.4711
3.6227
3.5311
3.9326
3.2468
3.0588
3.8518
3.7556
4.2148
5.6757
2.8851
2.3951
3.6358
4.5060
2.6214
4.0042
5.7019
1.8887
5.5649
3.1597
4.3716
4.2219
3.8031
2.5569
3.7274
3.9349
4.1022
2.5689
4.2627
4.7027
3.4869
3.4327
4.2080
4.1071
3.7280
4.5884
3.6451
1.8042
3.8769
4.8421
2.6897
2.6007
4.0802
4.6966
3.3439
2.6854
5.5185
1.8773
4.2216
4.8314
3.5297
3.0849
4.1788
4.6574
3.3660
3.2487
3.8570
3.1292
3.3975
7.9614
3.2594
2.7375
4.0286
3.1506
2.9171
3.2580
4.1652
2.4706
4.0014
4.3044
3.5563
3.1134
4.2553
4.1229
3.7715
3.4797
3.7706
2.7849
6.2292
3.3870
2.0854
1.5759
3.9379
3.2432
2.7205
3.5314
4.3151
2.9334
3.5813
3.9040
2.7784
2.5921
3.3822
3.1531
3.4092
2.8382
5.3334
1.8729
4.0827
4.8197
3.6793
3.1240
3.4335
3.9965
2.4438
3.0850
4.0027
2.3507
4.5688
3.8481
3.5855
3.1881
3.1518
4.6561
4.3231
3.5700
3.6030
3.2764
4.5456
4.2815
3.1342
3.5013
3.7946
4.0248
3.8885
2.9497
3.7454
2.4610
5.3669
4.0447
1.1777
3.6467
4.6698
3.3571
2.9896
3.9454
3.3538
3.5712
4.2023
4.8504
3.3750
3.4024
3.3549
3.7807
3.1331
3.2157
4.8255
2.1656
3.8074
4.7237
4.1059
3.1129
3.8048
3.6847
3.2482
3.8850
4.2289
2.2735
5.3335
4.3116
2.7154
3.5133
4.1816
3.4328
3.0969
3.5008
4.7934
2.4449
4.4409
4.7679
4.0792
2.5775
4.8231
4.0096
3.3931
5.1313
3.4408
3.0681
4.1115
4.3554
3.1844
2.5868
3.9469
4.7453
4.6261
5.3992
4.1654
3.2171
2.8566
6.4348
2.7748
1.7593
2.5034
4.2562
3.1052
3.9767
1.9527
2.9032
5.2310
4.1157
4.0715
2.6605
3.7649
3.8076
3.0617
4.6459
3.7782
3.0051
3.6774
4.5775
3.5723
8.8817
3.6339
3.8592
2.1788
3.9244
6.2303
2.7867
4.4971
3.6269
3.4690
3.9917
4.5530
2.8049
3.5188
2.4250
3.0374
2.9871
4.0090
4.8866
4.7994
3.4996
3.1048
3.2941
3.2442
2.6874
4.3232
3.0958
4.2110
5.2465
2.9687
3.6758
3.4567
3.2211
1.1666
3.9412
4.7162
2.8103
3.8698
4.7296
3.8908
3.1090
3.6989
4.1245
2.8596
3.8800
3.7284
4.1117
3.8213
4.3779
3.1217
2.8689
2.9530
4.1352
2.6110
3.2352
3.8634
2.9225
4.5735
5.0618
3.6346
3.9749
3.2750
4.4508
3.2292
2.1045
4.3390
3.1263
4.5720
5.5600
2.9137
3.0498
2.6498
4.6197
2.5999
4.2984
5.0767
2.8510
4.5396
3.5182
2.5403
3.4268
4.8501
2.2422
3.6854
2.9066
2.8745
2.7245
4.5848
4.3670
3.1459
3.3366
2.8213
3.5730
3.5440
3.2301
3.7114
2.6532
3.4360
4.5426
3.1606
2.3684
4.1120
3.8169
4.6510
2.5493
4.9029
2.1744
4.3519
3.9395
2.7564
2.7723
2.8224
3.4433
2.9309
4.5555
4.0485
3.0710
3.5998
3.5463
3.1152
3.3347
3.9405
4.2099
3.0214
4.0276
2.8627
3.0906
5.3310
4.1880
4.1227
3.9972
4.3508
2.9257
2.4587
4.1404
3.6726
2.1868
3.9369
5.0252
3.9205
2.7538
4.6250
3.5883
2.2738
2.7550
2.1504
2.8255
3.7485
4.3832
3.9620
2.6283
3.4895
4.3951
3.3419
3.1721
5.4202
2.5323
4.3784
4.4272
3.0096
2.3947
2.8330
4.4865
3.1831
3.3227
3.5907
2.5007
4.0792
3.9662
2.8112
3.9588
6.1134
4.6848
2.9879
4.3720
3.2927
3.5689
4.1797
4.6958
3.1106
3.0554
4.4596
3.9776
3.5601
3.6047
4.2734
2.7021
4.3287
5.3268
3.2768
3.4219
4.2022
4.0937
3.3736
4.1570
3.7535
2.2379
4.8924
4.5941
3.6878
2.8058
2.6235
3.2620
3.4842
3.7095
3.8321
2.9437
4.3491
3.5762
3.4145
3.4654
3.8013
2.8619
3.8229
3.2284
3.5441
1.8115
4.1688
4.2622
3.1601
2.0814
3.1714
4.3028
3.1549
4.0436
4.4569
2.3960
3.8586
5.3726
4.3953
3.1357
4.1056
3.4578
3.5458
2.8496
4.5758
1.6617
4.4058
3.0116
3.0884
1.3216
7.5765
3.1980
3.3165
2.7979
3.1613
3.0666
7.1355
4.5734
3.8906
1.2056
2.8099
2.9433
1.9989
3.6783
1.8303
2.2990
5.1255
3.5969
5.0513
2.9234
2.7152
4.1418
3.5543
3.4369
4.1936
2.5327
3.3400
3.9087
4.1427
3.5010
4.1064
3.8473
2.6107
3.4788
3.5576
2.6130
3.9361
3.7927
3.8270
2.7902
3.6994
3.8235
3.3086
4.2940
3.1441
1.9148
4.4715
4.1923
4.2202
3.0090
4.6901
3.8107
4.3966
3.4125
4.2301
2.0291
4.5768
5.5913
4.7219
3.8002
3.5018
5.4448
1.2956
3.4591
3.5585
1.9244
4.0753
3.8066
3.6429
2.8786
3.1828
3.6387
3.7011
2.4994
4.6851
1.0123
4.4794
1.0576
3.5338
3.1708
3.9577
2.9994
3.9608
2.8288
3.2657
3.5239
4.2716
2.3094
2.2302
2.1566
3.6255
3.9570
2.9773
1.4653
3.6097
2.6566
3.6559
4.2243
3.0832
2.0903
4.1816
3.6812
3.3827
4.1078
3.4021
2.7855
3.5718
2.9459
2.7916
2.5444
4.2213
3.2264
4.0818
2.3374
2.5558
2.7421
2.3145
4.2832
2.5289
2.1870
-0.3503
4.1631
-0.8815
1.0457
3.3328
-0.2305
1.1794
0.9604
1.1443
0.0395
0.0969
0.0823
1.5152
0.2501
1.1287
0.5581
1.4475
3.8691
1.0880
0.9591
0.6057
2.0574
-0.0830
-0.5983
-0.9607
-0.7324
2.5411
-0.0346
0.0534
0.7390
-0.4618
-0.3450
-0.1297
-0.1891
-0.8601
0.0225
-0.1088
-0.9818
-0.9022
-0.1760
-0.2212
2.7360
-0.4061
-0.5363
0.1870
0.4522
3.7198
1.3250
0.5490
0.8657
-1.8117
2.7991
2.5373
2.0987
2.6882
2.1075
2.9874
3.4951
1.9412
2.0299
3.5144
4.1582
1.3038
2.4353
3.4790
1.2330
3.7253
5.3867
3.0164
2.7555
3.7951
4.9509
2.3281
2.3704
3.0908
2.3707
3.3899
1.3829
3.6524
1.8773
5.0106
3.6124
3.5432
3.7121
2.6892
2.9612
3.7864
3.6995
4.5993
2.7225
2.7775
3.7058
2.5024
3.0796
3.4819
2.4753
4.2913
3.5253
2.8486
4.0343
2.3740
4.1454
3.1840
3.4147
4.0089
2.6726
3.6032
2.9421
2.7520
3.2381
3.0738
3.3903
3.1157
3.5124
4.5184
2.6609
4.1538
3.5638
2.9764
2.9077
3.8520
4.4123
2.7747
3.5167
3.3016
2.6475
3.6292
3.5209
2.9828
2.9260
3.3017
3.7991
2.8291
3.7388
2.7141
2.4937
4.1091
4.8580
2.8397
2.7703
2.8455
2.9304
2.0927
1.9182
2.2149
2.1409
2.5560
5.1228
4.0120
2.6046
3.3034
3.8360
3.0684
4.4486
2.5350
2.8693
3.3352
4.1579
3.0648
2.8664
2.9820
4.4840
3.3939
2.9709
3.6044
2.8310
3.7249
4.5739
3.3047
2.7116
3.3319
3.9417
3.3238
3.2763
3.9270
2.4939
4.8628
3.7342
3.0475
2.7273
4.2509
3.6628
3.5632
3.2570
4.3347
2.4593
4.0748
3.9672
2.6671
3.1029
3.7324
3.0550
2.2915
4.0648
2.6136
2.7949
4.0889
2.9566
4.2544
1.1655
2.2213
5.0807
2.8374
1.2807
1.3225
1.4989
2.9313
4.0771
3.0687
2.1530
3.5714
3.5482
1.8176
1.8541
3.4054
2.9125
3.3933
3.8412
3.4511
2.7241
3.6007
4.2195
3.8803
3.7053
2.8096
2.5393
4.5083
4.1694
3.2875
2.3779
3.2060
3.4298
2.5186
3.2532
3.5816
2.6116
2.9526
3.0630
2.8153
3.5337
4.2193
3.6972
2.6731
2.0695
3.2450
2.0833
3.7058
3.6714
2.8754
4.1720
4.2404
4.9444
4.3753
2.4972
4.1548
2.4957
3.1716
5.0722
4.3859
3.3001
2.8489
2.9401
2.5578
3.2616
2.9824
3.4219
4.7905
4.8713
3.4122
2.4267
3.4443
4.2352
3.2686
3.5673
3.3653
2.3656
2.2542
2.7423
1.7282
2.2897
2.4978
3.5292
3.6721
3.0900
1.9984
1.8778
3.5874
4.7413
3.5371
3.7074
3.0480
3.6398
2.7415
3.1852
3.3173
2.7254
3.7711
4.4593
2.7634
2.3523
3.2825
3.7713
3.6311
3.3809
2.5798
2.9540
3.1240
5.1733
3.4307
2.5098
2.0573
1.9896
2.7782
1.3206
3.4835
2.9587
3.6860
3.9979
3.0732
2.8378
2.9424
2.7541
2.9896
3.0722
3.5630
2.7364
5.5246
3.8005
3.2189
2.6312
3.6078
4.5525
2.3455
3.1714
3.4482
3.2238
3.9453
4.2515
3.4758
3.0254
4.8677
4.0384
2.9127
2.7254
4.3535
2.3129
4.2673
4.1638
4.3327
2.8013
5.1949
5.5090
2.9205
3.5684
3.8594
4.2415
4.4362
3.0585
4.6278
2.3427
3.3595
2.6924
2.9195
3.2252
4.5838
2.3662
3.0685
3.7039
3.4681
3.3555
3.4463
4.6105
4.2156
2.8893
2.9788
2.9288
3.6394
5.5324
3.3999
2.8812
4.2521
3.5153
3.3882
3.1631
3.7704
2.5482
4.5434
4.3807
2.9540
3.0201
3.7195
2.9697
3.1228
2.7772
4.5512
2.3470
3.5865
4.5019
3.9477
2.2340
5.0228
3.2343
3.0253
3.4692
2.5765
2.8873
3.1356
3.9940
3.8988
2.6539
3.9018
3.2795
3.5527
3.3250
3.2455
3.8892
4.0098
4.1423
2.4453
2.8810
2.9613
3.3258
2.9217
3.4401
3.2147
3.1311
3.2036
5.1044
3.1348
2.3616
3.4509
3.8143
3.0700
3.2396
5.3159
2.3156
4.5805
4.4161
3.0941
1.2692
2.4990
3.5251
2.7240
3.0557
3.2375
2.5731
3.5169
4.1784
2.7455
2.6954
1.7111
3.5428
3.0739
4.4172
4.2904
2.5659
4.4909
5.1387
3.6508
2.9681
3.7310
3.4417
2.3427
3.2235
3.9024
2.4931
4.0969
4.3347
3.5127
2.7072
3.1783
3.8580
3.5505
4.0060
3.4462
2.5236
3.0004
3.5764
3.5329
3.1940
3.6399
3.9659
2.2860
3.2580
5.3047
3.0463
3.6643
4.9429
6.0371
2.7399
4.1493
3.3364
2.4821
4.1844
3.5695
2.2070
3.5900
4.9341
3.5341
2.6194
4.0909
4.9175
3.7502
3.1744
4.9318
2.8035
3.8441
4.9231
3.6954
2.8272
3.2006
4.9117
3.2005
3.9163
3.7358
2.7816
3.6289
4.2125
2.9521
2.6748
4.2663
4.1056
3.2557
2.9711
2.2410
2.2992
3.7742
3.7778
2.9230
2.5699
4.6295
4.8715
3.0858
3.1788
4.1964
3.1709
4.1588
3.7238
3.2060
3.7164
2.8935
2.7381
2.1578
3.1802
3.7349
2.8420
3.5530
4.2022
2.6016
0.5564
3.8926
3.3361
2.7609
3.1475
2.7968
2.4341
4.5087
3.7708
3.3461
3.4744
5.4185
4.2015
2.7306
2.8880
5.0226
3.2062
4.6954
3.2620
2.3615
3.0468
5.9886
2.2761
1.7762
1.3458
4.4126
4.5441
3.0705
1.6732
2.6505
3.0701
3.9925
4.3232
3.6081
3.1616
3.2461
1.0613
3.7423
2.4440
1.7832
3.1236
4.5173
4.0694
4.0011
2.6522
0.7738
1.8949
4.7208
4.7445
3.3142
3.4603
3.1046
2.9923
3.5998
3.0765
3.7427
2.7887
4.3289
4.8067
2.7723
3.5054
3.4681
3.5066
2.4489
3.3227
2.2318
3.1933
3.5509
3.2787
3.8478
3.2705
3.2147
2.3612
3.2466
3.4260
5.0977
2.9609
4.6742
3.9525
4.1688
3.1703
3.3052
2.0610
3.7607
4.0257
3.3694
3.1083
4.1093
3.2379
4.3522
2.3784
6.7276
3.0090
3.4330
3.3461
4.6677
2.8241
3.3015
0.4243
2.8989
2.9834
2.4410
4.0303
3.2927
3.4499
3.9686
2.4154
3.7870
4.6677
4.2240
3.2746
2.8026
3.1548
3.3723
3.6533
4.1622
3.0504
5.3061
4.6657
3.2763
2.9957
3.4777
3.4004
3.3788
3.0506
3.5877
2.7949
3.4477
3.7593
3.2072
4.1805
4.4536
3.8523
2.8088
4.3291
5.0650
2.3451
3.9470
3.6605
3.4947
3.0514
4.0875
3.3011
4.4263
3.0215
4.5262
2.7492
4.4694
4.1099
3.0509
2.9943
4.1525
3.8749
2.9530
3.0351
3.3869
2.0795
3.8927
4.7772
3.6281
2.8484
3.7986
3.8917
3.6860
4.2097
2.5189
3.4353
3.3766
2.4240
3.8474
3.1949
1.9881
2.5572
2.8555
3.4565
4.2028
1.5626
3.3814
4.2296
4.0940
2.9421
2.6029
3.6923
3.1528
1.7637
3.2656
3.4013
3.7456
5.6961
2.8710
3.1022
4.3455
4.5647
3.0633
3.0766
4.5462
2.6011
3.9699
4.7374
4.0272
2.8805
4.2368
2.7417
2.5708
6.7312
3.2452
2.5437
4.3547
2.1442
3.1055
2.3419
2.7358
2.9286
2.8449
1.6103
1.6773
2.1179
3.1142
4.0358
3.6179
3.3994
3.7232
3.2602
3.1148
3.2849
4.2529
3.0493
4.5654
5.3899
4.5829
2.8841
4.0162
4.3454
2.9472
3.9991
3.7353
2.3046
3.2933
4.4288
2.9884
2.5245
3.2086
4.2607
3.5245
2.7675
5.6186
1.5298
3.3987
4.3949
3.1562
2.4846
4.3150
4.2849
2.9331
3.3711
2.8768
3.3092
4.8322
3.6520
3.0481
2.8255
3.7293
3.1712
3.9557
2.6476
3.2077
3.7793
3.5346
4.7097
3.1864
2.7297
4.1837
2.6441
4.0739
4.2344
4.3347
3.2479
7.3274
4.1335
2.6784
3.0562
3.5736
2.9843
2.2319
3.2821
3.0789
2.6157
4.0107
4.6620
3.6344
3.0081
3.2964
4.2855
2.4883
3.4672
3.9570
4.5264
3.2188
4.5026
2.1069
2.6975
3.3748
2.8290
2.5981
3.9721
3.7724
2.2711
5.1137
5.2119
4.0288
3.2838
3.9053
1.8499
2.8726
3.8215
3.5978
2.3631
5.3314
4.3053
3.5833
4.4978
3.8508
4.0978
3.4519
3.9799
3.1759
2.4145
4.3754
4.4521
3.9807
3.5061
5.0090
4.3829
3.5399
4.1765
3.8237
3.2023
7.6489
4.5228
2.6172
3.6222
3.0114
3.6314
5.2735
3.2556
3.2644
2.5659
3.3820
4.2339
4.1500
2.9497
2.5436
4.7328
2.1671
4.6093
4.3757
2.3976
0.5063
2.4399
3.4757
3.3614
3.0914
4.2331
4.3588
2.5676
3.4072
2.4875
4.6635
5.0277
2.9147
3.0623
4.1806
4.1754
2.5981
3.9398
3.5888
2.2520
4.6169
6.4166
3.8275
3.0500
3.6480
4.8265
3.2689
5.2610
4.2007
2.8753
3.1048
4.8895
2.8168
3.3358
3.6129
3.3116
7.0362
3.2166
3.6409
2.9294
4.2445
3.9806
4.2339
2.4156
2.6276
2.9016
1.0388
1.5014
3.8498
1.9932
1.2617
4.3509
2.5411
2.7209
3.8343
3.6632
2.8690
3.3069
3.3968
2.4148
4.1946
5.3168
3.7006
3.0650
3.9321
4.3754
3.1853
3.4872
2.3788
2.6995
3.8557
2.3826
3.1569
2.4509
2.1292
3.3745
2.7564
4.8087
3.9365
2.2075
3.9928
4.1210
1.9778
2.7323
3.3844
4.0342
2.5855
5.2643
3.7128
3.2418
4.3525
4.0887
3.2438
3.6592
4.2052
4.4609
2.4685
2.7457
2.2376
3.1237
3.1583
4.0157
3.6173
2.8338
3.8699
2.9460
2.9895
3.4782
4.4858
2.9073
4.9385
4.4439
2.7494
2.8038
3.3933
4.2313
3.8173
3.2839
4.2025
2.6693
3.7076
4.2608
3.5282
3.1836
3.4172
3.5417
3.2058
2.3264
3.3184
2.3463
4.1548
4.9528
3.4482
2.6078
3.9574
3.4461
4.6561
4.2610
3.8170
3.1567
4.4428
3.7443
2.9267
3.2248
3.0685
3.3289
3.4035
4.1558
2.9192
2.3201
3.4695
6.1166
3.3810
2.8763
3.5161
4.1499
1.7108
1.9884
3.5312
2.8754
4.5349
3.6992
1.4859
3.3427
3.7128
3.3877
2.9095
2.4680
3.8038
3.9228
4.3575
3.9685
3.0532
3.4993
4.8406
4.6567
2.7444
4.3349
2.6073
2.5766
3.2323
5.4712
4.2163
2.0806
3.6146
4.3026
4.0538
2.9228
4.7336
2.1570
3.8189
3.5535
3.2713
3.4884
2.3251
2.6562
3.3100
1.9809
2.6102
2.1942
4.6019
3.7481
2.3956
4.2133
2.7287
4.3613
3.1325
2.4526
4.2096
2.1267
3.5772
4.0677
3.6764
2.6891
4.0007
2.9460
2.9408
3.6721
3.5598
3.0264
3.6104
4.7028
3.2464
3.6329
2.8645
3.2247
3.9823
4.0830
3.5881
1.8955
2.4739
4.4649
2.6391
0.9209
1.8686
3.0296
1.1457
3.9828
4.8283
3.4568
4.1916
4.3788
2.3443
3.0093
2.2541
2.9619
2.2666
1.3253
2.7287
2.8300
4.3858
2.2564
4.6396
3.8164
2.7671
3.3690
0.0346
2.2259
1.2318
1.9665
1.3591
3.0029
3.2450
2.0574
3.1339
2.2797
3.2966
2.3778
2.5733
2.5463
3.3725
3.5423
4.4080
3.6517
3.5685
3.1517
2.8995
1.5535
3.6349
3.0847
3.2087
1.8517
3.0863
3.1990
2.9118
3.6123
3.0577
4.2085
3.9124
1.6871
5.1871
5.4145
7.2107
3.5634
5.3448
4.1921
1.1565
3.9046
4.9645
2.9288
3.9322
3.9178
3.1514
4.5546
4.5329
3.1816
3.6323
3.5146
3.7951
3.1614
4.1656
3.3297
3.4291
3.3594
2.0259
3.9201
2.2443
3.7864
2.9962
2.2270
2.8288
2.7884
3.0042
2.7303
1.2444
3.4734
2.1541
1.8913
2.0091
1.0330
3.8133
4.6419
1.8952
3.4890
3.7961
3.4405
2.8535
2.9312
4.3211
2.3396
3.6664
4.2958
2.5442
2.7802
1.9760
3.5654
1.3262
2.6260
5.1490
3.4619
3.4766
7.1817
1.7226
3.2686
3.2733
3.5146
3.8978
4.3521
5.0041
4.1802
4.2194
4.3180
3.6090
3.8408
4.6626
4.1669
3.9417
3.9587
3.7769
2.9789
4.9152
5.1176
3.9471
3.5821
3.8946
3.6102
4.0798
4.0732
3.8275
2.6173
4.1654
5.2030
4.1161
2.7106
4.0917
3.1873
3.6544
3.5350
3.4156
2.7754
3.7093
3.9118
3.1611
3.1766
3.7972
3.7729
3.1401
3.8551
5.5565
3.1766
4.6019
4.4752
2.9949
2.3204
3.3029
1.3014
2.8152
4.6470
2.9731
2.9301
3.3233
3.5739
3.5541
3.7365
2.4624
3.3198
3.1188
2.6642
2.5949
2.5917
4.0413
4.5280
3.0452
2.4881
3.6055
3.5798
3.7078
3.7322
4.2892
3.3270
4.5465
4.5623
3.4853
3.0223
4.1914
4.1139
3.4173
2.7170
5.0133
2.2392
3.9075
4.4235
3.3200
3.0255
3.3394
4.4798
3.4593
3.6154
1.3703
2.3970
3.9134
7.2582
3.5475
3.2268
3.7462
4.5119
3.4470
3.0116
3.7937
2.7994
4.5010
4.3009
2.6411
2.6735
3.2561
3.8937
2.6340
3.3163
1.6952
3.1070
3.9212
5.0770
4.2322
1.6785
4.0844
4.3307
3.1565
2.7325
5.2920
3.5176
3.7450
4.5282
4.2807
2.2379
2.9251
3.2234
3.0873
2.2997
2.8833
2.9625
2.4229
4.5378
3.3918
3.0076
2.8771
3.8549
1.8779
1.8698
4.8799
3.1404
5.4264
3.7975
3.4395
3.5070
3.6608
4.2678
2.4519
3.6386
4.0738
2.8979
3.9168
3.9662
4.0532
3.0409
2.8116
5.1042
2.7844
2.4370
3.1487
1.8475
3.7419
4.2223
3.1926
2.6570
1.8866
3.3691
3.8685
4.2812
5.0100
4.0414
3.6780
5.2985
4.5717
3.0928
4.5588
4.0062
2.5917
3.3433
4.2297
3.1861
4.9380
5.6454
3.8915
4.0384
3.7028
4.6426
2.8135
3.6549
3.4135
2.1394
3.4089
3.9380
2.9606
2.9182
3.6907
3.8581
3.7567
3.7758
5.0780
2.4718
6.0424
3.9160
2.9364
3.7597
2.5509
3.8400
2.9856
4.5083
3.2572
1.9356
4.9715
4.8213
3.8987
3.2474
4.5459
4.2316
2.9803
3.2929
3.7192
2.2390
4.6223
5.4202
3.2319
3.3131
4.1140
3.7422
2.7869
2.7541
5.2261
2.5894
3.3614
5.0907
5.5577
3.4232
3.7862
3.4287
2.4591
3.7443
4.0819
2.3469
3.8996
2.9672
3.4127
2.8495
4.3469
4.5521
2.5085
3.9761
4.0033
2.5518
5.0903
4.3706
5.0281
3.4561
4.2716
2.5665
3.6527
3.2275
3.7524
3.4810
5.2456
3.2750
2.8403
3.0958
5.0982
5.0249
4.0987
3.0935
4.7395
1.9358
3.4896
4.2356
3.9778
2.5532
4.0373
3.0139
3.3241
3.9196
4.7286
3.6251
5.4161
4.1375
4.6394
2.7223
3.5505
3.4690
4.0710
2.8661
3.6229
2.2150
3.3899
5.0345
3.7413
4.3121
3.9924
2.9943
3.0993
3.3632
4.2562
2.5919
3.7835
5.4279
3.7470
2.3864
2.7615
4.0771
3.1141
3.6461
3.8295
1.3277
3.6581
3.5824
4.3335
3.7695
3.4499
3.6636
3.5150
4.2278
3.3072
2.3004
4.8923
4.9171
4.9914
4.8376
3.7632
5.8505
3.8645
3.1919
3.2046
6.3673
3.5662
3.2618
2.7574
2.9669
2.5483
2.2655
3.4504
3.5361
2.5322
2.3277
3.8051
3.9156
4.0248
3.5584
3.4147
4.2525
4.4650
3.0852
2.8807
2.3793
3.0451
4.5806
2.4401
4.5840
3.8786
4.2332
3.9671
3.7987
3.3944
2.9504
4.8590
3.7340
3.4066
3.1694
4.2177
4.2589
3.1353
3.2044
4.3465
2.5080
5.4996
3.0651
4.9517
2.5900
5.1010
1.8064
3.1394
4.0032
4.1747
3.0626
4.5561
4.4949
3.5363
3.8255
3.1240
3.3971
3.7951
4.9380
3.8472
2.9546
2.2655
3.8208
4.1848
2.8422
3.0016
2.5637
2.5826
3.2061
3.1909
2.6078
4.7801
4.2807
2.6682
2.5134
3.6871
4.7604
2.6773
3.7240
3.5784
2.8235
4.6926
4.1072
3.6382
2.9786
3.7624
3.7067
3.3495
3.8331
5.5940
2.2383
5.1989
4.7380
4.7566
3.8522
3.8058
3.9253
3.4404
3.8842
3.2178
2.7980
4.2632
3.1377
3.6249
1.3501
2.5253
3.5683
3.0364
3.2960
3.7811
3.8448
3.6611
4.3832
3.9202
3.6526
2.4972
4.2323
5.2396
7.5458
3.5033
3.1791
4.8567
4.5849
1.9096
4.2047
3.5331
3.6786
3.6107
3.3844
2.4765
2.1803
1.7593
2.9885
0.0786
1.2841
3.5920
3.7927
3.6388
2.3917
4.2331
3.0891
4.0006
5.7754
3.2207
3.3868
3.8633
3.9770
3.5541
2.1137
4.8065
2.5069
4.0625
5.4905
2.8816
3.0862
3.4343
3.0329
2.0231
3.0174
4.3176
2.3746
3.8823
4.2650
2.3183
3.2933
4.6265
3.1047
3.3108
2.5392
3.7635
2.8453
5.6817
2.9339
3.2222
3.1647
3.7622
3.2285
4.1153
3.0513
3.1055
3.1695
5.0414
4.1681
3.2260
2.7710
4.2801
3.4453
4.0045
1.7049
3.7169
2.0722
3.9812
4.2623
2.7471
2.8839
3.3151
4.0499
5.1542
3.5862
3.8510
2.2703
6.0033
4.3808
3.7569
2.9878
3.1795
3.2932
3.8475
4.0334
3.3868
1.8410
3.0356
4.1169
3.3287
2.9202
3.4757
4.6516
1.5957
3.4083
3.4487
2.8422
4.4789
5.0166
3.6782
3.4343
3.7102
3.2062
2.9845
3.9550
3.5510
2.3640
3.9577
3.2937
3.6891
2.6847
4.3688
4.0330
3.1377
2.8090
3.7637
2.7695
4.9115
4.6188
3.8418
2.9816
4.2758
4.4250
4.3486
3.4392
4.7589
4.1010
3.6964
5.2261
2.9834
3.5564
1.6272
4.3676
3.3413
3.9148
3.3196
3.0689
3.9786
5.3279
4.2455
3.7607
4.5959
4.5801
4.2024
3.7817
4.0253
3.0624
4.5812
4.3494
4.7371
3.6652
3.0698
4.4482
3.6253
3.3903
3.4882
2.0439
3.1420
4.8119
3.3664
3.5528
3.4410
4.3273
3.6245
2.9967
3.5935
2.6722
4.6140
4.4595
4.2443
2.9780
4.1837
3.5898
3.9836
4.7316
3.4463
3.9704
3.5078
4.3485
3.1222
3.2922
4.4772
3.5695
3.4550
3.5872
3.6683
2.3865
4.6842
4.3364
3.9561
2.1750
3.9221
3.5256
2.4579
3.8937
3.7600
2.3089
3.6894
4.3002
3.7396
2.4939
5.0170
3.7844
3.4831
3.8927
3.1546
2.6786
4.2897
3.7212
4.1314
2.8979
3.6793
3.2179
2.9339
3.1319
3.2226
3.0742
2.0816
3.4475
3.1218
3.5959
1.5856
3.9772
2.6478
1.7596
0.9467
2.8498
3.6220
2.3103
4.0407
3.7321
4.3992
4.5053
3.7836
2.3813
3.8369
2.8941
7.8981
4.7532
3.5072
3.2008
3.6463
4.0470
2.4821
1.3421
4.0261
2.2075
3.7314
4.6573
3.9257
2.6233
4.1795
4.5454
2.8836
3.2541
4.3783
2.5496
5.6019
5.4093
4.1593
3.5291
4.9913
5.0362
4.7976
4.0433
3.8354
3.3646
3.7570
4.7507
4.3568
2.7886
4.2884
4.4466
3.3269
4.4028
4.5332
2.5833
4.3887
4.6822
3.0427
2.0128
3.1595
3.0709
3.6402
4.3821
5.2046
3.0514
4.1695
4.0231
4.5565
2.3318
2.4542
3.5098
2.2296
3.3574
2.8921
2.9021
4.0833
2.9995
3.1131
4.4347
3.8894
3.8300
3.7845
3.8674
4.2529
3.0380
4.2685
3.7625
3.7356
3.8310
4.9010
4.6314
3.6198
3.8979
4.6674
2.7130
3.8725
5.4723
3.8489
2.9829
4.4316
3.9850
3.4976
3.3783
4.4043
3.1850
4.6283
5.2737
3.9923
3.1814
3.7804
6.0259
3.7838
4.4165
3.9340
3.0065
3.7047
5.3110
3.4703
2.8387
3.6454
4.0355
2.5968
3.1450
3.9371
2.9902
4.6412
4.8878
3.0290
2.9692
2.8735
4.6419
3.1074
3.8236
4.6891
2.5664
4.3274
4.2543
4.6613
2.9259
4.9328
4.2238
2.9195
4.6950
3.8521
4.0572
4.0677
4.9739
3.4607
3.3722
3.7999
4.1063
3.7593
5.0466
5.3645
3.9437
8.8533
4.7079
4.1864
2.7660
3.6014
4.9955
3.0018
3.8232
4.4884
2.5529
4.1182
3.2412
3.3604
3.1073
4.1346
9.0002
3.4430
4.1901
4.2974
2.8893
3.9185
4.8140
3.1590
3.5026
3.8957
4.3526
3.1094
3.7579
4.5554
2.7803
3.7087
4.7281
3.9293
2.5826
4.0480
3.8556
2.9117
3.6667
3.6531
4.2257
4.8208
5.7637
4.7575
3.0146
7.8446
4.5005
2.8733
3.5936
4.1070
3.2884
4.5955
5.5651
3.1485
2.6537
4.4371
4.2418
3.7338
2.9410
3.9436
2.9539
3.9521
5.4390
3.2088
3.3502
3.7217
4.6756
3.7125
4.0569
4.5958
8.0453
3.8988
4.4231
4.1786
3.8390
3.9534
4.2552
4.0593
3.3600
3.9252
3.2733
5.4811
4.3215
2.0759
2.9037
4.2344
4.3118
3.5151
3.1419
3.7256
3.5196
3.9812
4.4909
3.3440
1.7993
-1.5024
-0.6972
-0.9858
-1.1317
0.1008
-0.2010
0.0508
-0.5276
-0.0707
-0.2158
0.0502
-0.7750
0.3273
-0.5184
-0.8703
0.9396
0.7684
3.0019
5.0051
3.4787
3.5489
3.7271
0.9382
3.5303
0.2608
3.2332
3.7550
4.6314
3.8101
3.2263
3.8554
3.7308
0.5248
0.5962
0.3422
2.1814
2.8978
0.4400
3.9335
2.5473
3.4259
3.2730
3.2053
3.9588
4.9740
1.7269
3.6210
4.4881
3.0219
2.7097
3.6454
3.2699
1.1965
2.5806
-1.0757
0.6454
-0.5479
1.4872
3.8713
1.6793
1.9671
1.4233
1.0794
0.1351
3.7590
2.6678
4.4510
2.3896
-0.1679
-0.7593
0.0765
0.0510
0.2227
-0.6303
-0.1453
-1.4868
-0.2053
-0.9343
0.1397
1.3805
4.2541
3.3002
2.0319
2.3923
3.3694
2.3946
4.0856
4.0688
2.1784
2.1925
-0.3619
-0.0857
-0.3547
0.1748
0.1210
-0.0610
-0.0860
-1.5400
-0.1385
0.4053
-2.3357
0.1770
0.1042
-0.7740
1.3339
1.6233
4.2748
3.4006
3.3454
3.1542
4.1399
3.8948
3.7515
3.4506
3.1713
3.6112
4.3926
4.5312
3.3454
3.2082
3.5982
5.0515
4.0488
2.0102
2.6568
2.2277
0.6566
4.9565
4.0035
2.2942
3.8055
4.6042
3.0127
3.1595
3.2294
1.3388
1.1699
3.8186
2.4928
2.1055
3.0830
4.1320
4.2772
3.9752
4.6408
2.3193
4.0528
3.0807
2.5783
3.9087
3.5066
4.8693
3.1465
4.1101
3.6159
2.5122
4.0178
4.2787
3.1258
2.5194
4.0439
4.1030
3.5051
3.3069
3.6512
2.2680
4.9712
5.3903
3.4114
1.7791
1.3742
5.8605
2.8392
3.6257
3.3878
2.1206
3.8915
4.5806
3.2051
3.3528
2.1576
3.4037
2.4426
3.4824
3.7815
2.6212
4.5229
4.2381
3.9517
2.8611
3.5233
3.8058
3.1958
2.4585
2.7695
1.9550
3.2504
1.9468
5.8778
3.7567
2.8867
1.4477
2.1251
0.9455
0.8508
2.5772
3.5451
4.8428
5.0427
1.7139
3.6049
3.8568
3.1940
3.7993
3.6916
2.6014
4.5259
4.8182
4.6296
3.3961
3.4436
4.0540
3.4211
3.0675
4.0632
2.4732
4.1186
4.8271
3.8654
3.2137
3.6304
5.3149
2.6064
2.9358
3.3778
2.4449
3.7553
4.8544
4.2975
1.8897
4.1063
4.5425
3.5846
1.8514
2.8151
2.1453
4.2387
4.8762
4.2916
2.8851
1.9701
4.2129
1.4318
2.4973
4.6902
2.6126
3.4709
4.8028
3.1524
2.9113
1.5394
3.3616
3.0690
3.0900
4.4653
2.4397
5.3505
5.2450
4.7248
5.0573
3.3940
4.0879
2.9720
3.9591
5.1394
3.3827
4.8426
5.5983
2.7421
1.4829
4.0958
4.6996
4.0438
3.8114
3.5168
2.4353
4.1041
4.8353
4.0772
2.3357
4.7600
4.2282
3.6723
4.3175
2.7627
2.5457
5.5947
4.6489
0.9404
3.1899
3.9385
4.4550
3.4189
4.4111
4.7856
2.0196
4.5283
4.9340
3.2262
3.7300
4.3969
4.9424
3.3980
2.5329
4.0192
3.0403
4.6322
3.5670
1.8320
2.9347
3.1728
5.4433
3.2321
3.3116
4.1521
3.4051
2.6701
2.7351
4.0416
3.0489
4.3604
2.6230
2.6563
2.7845
2.3844
3.0946
2.7754
2.1811
2.2471
2.4527
3.2993
2.0400
2.2158
1.2979
2.8203
3.2079
1.7896
3.1726
3.2665
2.6609
3.0438
3.2333
3.0696
4.3418
3.8272
1.6636
3.2998
3.5257
2.7348
2.4638
2.7709
3.0449
3.3392
2.7687
2.0891
2.7079
3.5644
3.5557
3.5862
3.8852
4.1823
2.6875
3.5245
3.0485
3.0997
2.4439
3.4332
4.6222
3.6894
2.6488
3.5805
3.7697
2.9412
2.9095
3.1623
2.0834
3.2677
2.6827
4.0380
3.3394
4.2090
3.6257
2.7516
3.6597
3.8638
2.5320
4.4665
3.8886
3.5755
3.6577
4.3562
3.3676
3.2735
3.3568
2.6323
2.6860
2.3633
4.1647
1.7026
1.9089
3.7172
4.1319
3.1748
3.0390
4.7928
2.6929
3.0247
3.7415
3.8779
2.5741
4.3289
3.8023
3.0168
3.2753
2.6003
2.1725
3.7923
4.7388
3.6835
2.6550
3.5202
3.9735
2.8977
3.7376
3.6379
3.4848
3.2200
4.0288
4.3110
2.8902
4.0742
4.2615
3.7707
3.9899
3.5347
2.8048
4.3667
5.0076
3.4817
3.2594
4.4791
3.2773
3.4014
4.0070
4.7409
3.8987
4.7392
3.9324
3.0239
2.9746
3.5372
3.3004
3.4275
3.1162
4.1333
3.1215
3.9452
3.6342
3.7910
3.4810
2.9716
3.3140
2.9821
3.8008
3.3370
2.6394
3.4661
3.7693
3.1940
3.3062
4.1339
2.9184
3.4536
2.6960
4.0611
3.4993
3.1191
4.3353
4.0626
3.2467
5.7846
3.9548
2.2890
1.8324
2.6170
2.8570
2.7799
3.3404
4.4468
3.9662
2.4089
3.9496
3.1160
4.6105
3.1837
3.8144
4.4356
4.4538
3.1705
2.7275
3.3603
4.1821
4.0788
3.5669
4.0991
3.1923
4.2848
2.7013
3.5883
2.8064
3.2993
4.0231
3.2758
5.6653
4.0074
3.2508
4.2873
4.8722
3.2173
2.6534
4.1549
3.7176
2.7290
3.7780
3.8563
1.9640
4.7983
4.5964
4.0182
3.2339
4.1311
4.1624
3.8127
4.1386
3.9177
3.2502
4.6185
3.8249
2.4832
2.9637
3.3238
3.6072
3.5674
4.1676
3.3305
3.0348
4.2637
2.9717
3.5454
2.5583
5.0040
3.2530
1.4694
3.0531
2.1906
2.7230
3.8274
3.2614
3.4476
2.2872
3.8206
3.5068
3.7721
5.0295
3.1282
1.6221
2.6345
3.4833
3.1243
3.4547
3.5907
3.9923
2.9217
3.1634
3.1874
2.8219
2.8333
4.1586
4.0483
3.0499
3.9219
4.3576
3.2619
3.0819
3.3680
3.2157
4.1846
3.4569
2.6260
3.2422
2.6966
3.3530
3.4325
2.8249
3.7014
2.9717
2.9161
3.1720
3.4400
3.2322
3.7922
3.7931
3.1216
3.4970
4.1680
2.7697
3.8599
4.3329
3.5697
3.0607
3.8393
2.9493
3.4972
2.7811
4.0598
2.1567
4.0797
4.2645
3.8389
3.0158
3.6296
1.7500
2.2564
3.0331
3.4170
3.0616
4.3201
3.3261
3.4801
3.2823
2.7888
2.9673
3.5589
2.6164
3.8013
2.9752
3.3038
3.7374
3.4019
2.7268
3.3245
3.2000
2.0878
2.9324
2.0856
5.8992
2.1825
3.6662
3.5074
3.2354
2.2768
3.9873
2.8736
3.6644
4.4694
3.3778
3.5671
4.5172
2.5635
2.4096
2.8218
2.8000
2.8313
2.7271
2.3803
1.3104
3.0348
1.8836
2.6696
3.8089
3.2890
3.2061
3.1218
3.1006
4.3170
3.1886
3.4735
2.9869
3.6856
3.8091
3.4465
3.0137
2.7852
3.0199
2.7043
2.8509
1.3495
3.4535
2.9575
2.8971
3.3229
3.0503
3.0440
3.6791
3.8608
3.0587
2.2561
5.7877
2.9867
2.9574
3.5538
2.5501
2.8733
3.5503
7.3747
2.8750
3.0828
3.4065
4.7189
2.6281
3.4290
3.7962
4.0759
2.9796
2.9745
2.4571
2.2876
2.9668
4.0904
3.1395
5.4182
2.5647
3.0783
2.7485
3.6574
3.6329
2.4481
3.5585
3.6522
3.8673
2.9617
3.8631
2.6527
2.7268
3.3454
3.4799
3.8571
3.0403
3.2747
2.4852
1.2651
3.9163
3.1122
3.8431
2.8769
3.1289
4.1508
5.0567
3.6720
3.3570
4.5967
3.8999
2.8158
4.3786
4.0449
2.8125
4.0658
4.8629
3.7815
2.7295
3.6545
4.3313
3.2692
3.3018
3.7375
2.6964
2.6051
4.7732
3.5673
2.7644
3.2659
3.1684
3.9546
3.7423
2.7499
3.1905
3.2860
4.4055
2.3205
2.8545
3.6445
3.2447
3.5600
2.3295
2.7196
2.9564
6.1978
4.5999
3.2642
4.0615
3.5984
8.8519
3.6780
4.2203
2.4839
7.4953
4.6718
2.3443
3.3742
3.2617
3.8530
4.6800
3.8779
1.8266
2.9809
3.6763
4.6343
5.2581
3.6099
3.3846
4.6210
4.6549
2.9051
4.2953
4.0137
2.4094
4.0557
7.1610
1.1763
2.4638
6.8851
1.8477
2.4534
2.8597
4.4146
2.7315
4.6970
4.3484
3.2656
3.8314
3.5157
3.5028
4.3131
1.3601
3.8978
3.4506
5.1368
4.1487
4.8408
2.8532
3.9538
2.7282
2.7651
4.2857
2.9629
4.2342
3.5601
4.3474
3.2361
3.9219
3.1274
3.2639
3.2758
2.7879
4.1538
3.1789
3.7420
4.5630
3.5226
3.5747
3.6925
3.4678
3.2530
2.9179
5.1106
3.0226
4.5605
4.4222
3.2830
2.8948
3.8566
3.6338
3.4928
3.7540
4.0948
1.1652
4.8544
5.1224
2.2374
4.1619
4.7360
4.3630
5.6585
3.3302
2.8742
2.7788
4.8754
5.2640
3.4579
2.5749
4.2796
4.7409
2.9335
3.8844
3.5431
3.0138
4.1533
5.1438
3.8666
3.0989
2.1798
3.5680
2.9971
4.1584
3.8001
3.2607
2.6899
3.6660
3.7321
2.8890
4.0765
5.2506
3.1115
2.6723
2.9562
3.2703
7.0201
4.7245
3.4982
2.9300
2.8881
4.4580
3.2869
0.8389
2.9574
9.5913
4.4391
5.1293
4.0315
1.6904
3.8090
2.6002
2.6638
3.1650
3.6094
2.7595
3.8684
2.4421
2.9006
3.5715
2.9543
2.9984
2.3272
4.1759
2.4183
4.1481
3.4080
3.6297
3.5964
3.7308
3.7966
4.0923
1.2848
3.8464
3.4290
3.6226
3.2537
3.9870
2.9610
2.9382
2.6511
3.2582
3.1415
2.8605
4.1441
2.8089
2.5449
4.5496
4.0531
3.9285
2.7882
4.1246
2.8793
2.3335
4.0203
2.7500
4.7182
4.6072
4.8960
3.0652
3.6148
4.9465
3.9709
4.0135
4.4042
2.5358
3.5616
4.5445
3.2629
3.2331
5.0191
3.9872
3.7080
3.9228
2.8890
3.3314
3.8965
3.6599
3.2169
3.3386
3.6327
10.0560
3.5328
4.7942
4.3804
3.3825
4.9428
5.6927
3.9715
3.0135
4.4584
5.0333
4.7222
3.8265
5.4596
2.9323
5.0847
5.2549
3.2550
4.4034
3.4868
4.6355
3.6335
4.2624
3.6289
7.6281
4.8504
4.6203
3.5766
3.5995
6.1781
5.0216
4.9904
4.2239
3.6512
2.9575
3.8060
13.5379
4.1614
3.4399
3.6762
2.8717
3.1126
3.8587
5.1603
4.1996
3.3426
4.9254
4.2811
2.8606
3.9823
5.3606
3.5468
2.9995
4.5944
2.6877
4.0639
5.2526
3.9475
3.6993
3.9414
4.9555
3.2469
2.8745
5.1332
2.4860
3.9285
4.6057
7.6361
3.5071
3.8540
5.5712
3.2191
3.5290
4.2385
3.7350
3.8220
4.5437
4.4757
4.6752
1.7705
4.7688
2.4161
3.3814
3.9854
3.6572
4.7809
4.3685
4.0601
2.2227
4.4773
4.2919
3.7865
3.4332
3.8292
2.9045
4.2281
6.3398
3.9642
4.2525
3.6817
3.9584
5.4264
3.3263
3.5384
3.1150
3.2411
7.4249
6.8272
2.9837
3.2365
3.0128
1.0556
3.6855
2.0557
2.4259
3.3720
3.2332
3.2834
2.6191
2.6876
3.0638
2.4372
2.6068
2.7922
3.3141
3.7456
4.7641
2.5505
3.3713
3.8479
3.5215
2.3170
2.6202
3.6350
3.2352
4.8425
4.1494
3.1562
3.3432
4.3640
5.8779
4.6143
3.0191
12.4425
2.8998
4.1772
4.6086
1.8787
2.7908
4.1663
2.8472
4.4203
3.7284
2.6059
2.6652
3.3546
4.1387
3.4806
3.0847
3.6658
4.0748
3.3134
3.6409
4.8210
2.6966
4.2979
5.7547
3.0728
3.9759
3.6372
4.6310
3.3127
3.4993
4.5562
2.7233
4.9958
5.0013
3.5607
2.7762
3.3691
3.6513
2.8671
3.3687
4.1849
3.0649
3.4702
5.4355
3.0542
2.7205
3.0677
4.1731
3.3634
4.1220
4.9613
3.3186
4.2263
4.5753
3.0390
2.7011
3.8124
4.5994
3.4917
2.7041
3.6149
2.9786
4.5063
4.7779
3.5616
3.4615
5.0645
4.2668
2.8858
2.9796
0.7217
2.3397
3.6959
3.1357
4.1268
2.5584
3.0950
3.3463
2.8106
2.7207
3.8824
2.5053
4.4717
4.3182
3.7683
3.0377
3.5319
4.0292
4.2391
4.1839
3.5526
3.6201
4.9302
3.9916
3.0523
4.5983
3.2464
4.4331
3.4413
3.5730
4.2696
4.1890
2.3083
6.2964
2.4434
2.4534
3.5298
3.1476
2.7657
2.8571
5.2976
1.4617
2.0654
1.0502
3.2816
1.8560
3.5976
0.6810
1.5687
2.0923
1.1602
1.6523
4.5174
4.5069
4.1112
1.1436
3.1582
3.9785
2.3263
5.3326
5.8210
2.2600
4.5146
1.9975
2.0365
3.3075
2.7136
-0.8100
3.7190
2.6195
2.5780
2.7744
1.9760
2.0875
2.8153
1.9402
0.0887
3.0588
3.3596
4.5243
5.4067
3.4242
4.2250
7.8866
3.5512
3.5450
4.6617
4.1946
2.7055
3.3800
4.5063
2.8085
4.2207
3.9551
3.7510
3.0645
4.7896
3.1022
3.9105
4.0765
4.5676
2.6198
4.1737
4.1892
3.4806
2.9584
3.7389
3.1573
3.6058
4.2669
3.7229
2.6769
3.9434
4.4393
3.5266
3.2839
3.7686
4.5278
2.7326
3.5663
4.8815
1.8642
4.0936
4.4372
3.4691
2.9830
4.1855
4.4263
3.4443
3.3448
4.2205
0.8310
2.6917
2.0875
3.5829
3.7970
3.6340
2.7762
3.0339
2.1454
2.6095
3.2363
2.8972
3.8479
2.5010
1.7911
4.4881
3.0348
2.8365
3.5732
4.3373
2.9940
3.0690
2.7925
3.9002
3.1216
3.5827
0.5892
4.1391
1.7564
2.0824
2.6341
8.4051
1.9174
1.6151
2.9514
0.3352
2.5112
8.5189
1.8879
3.2928
2.2770
4.2425
3.4889
4.0666
3.7607
3.2054
2.6291
1.9669
2.6425
2.0759
2.3765
2.0650
1.8604
3.6913
2.4221
4.1960
4.6860
3.3174
2.6328
3.0812
3.1150
4.9768
4.9199
3.7176
4.1365
3.4696
3.9979
3.5628
3.9834
3.1433
3.0223
4.5082
6.7803
3.7304
4.0644
4.8861
4.3464
6.8104
3.3571
3.6429
3.4500
4.5525
4.9440
4.7202
3.6690
3.2661
3.8615
3.9217
4.1809
5.0022
3.3371
4.6393
4.7383
3.8117
3.1048
4.1896
4.9335
2.8387
2.9974
4.0551
3.8307
4.9936
4.9196
4.5883
3.5012
4.5135
4.5967
2.8388
4.0132
5.7047
2.8246
4.8284
4.8708
4.3854
2.9716
3.4603
3.8780
3.4341
3.5969
4.0133
3.1664
4.6645
4.9966
4.2166
3.2254
4.1399
4.1937
4.5561
4.4739
5.5858
2.8652
2.5256
4.3332
3.2592
4.3193
4.2929
4.9960
3.5957
4.2446
4.7042
3.7668
4.4326
5.2333
2.5611
2.6205
4.2663
4.8169
3.4514
3.9148
4.3861
3.0796
4.3141
4.7538
4.4037
3.6571
4.9277
4.2550
4.3885
3.7460
4.4847
3.7604
4.7649
4.7947
3.7426
2.9331
4.3718
4.3857
3.1195
3.2709
4.4427
2.8649
4.0608
5.3765
4.2871
3.9586
5.0038
4.0384
3.1029
4.3550
4.7688
3.1229
5.6038
4.9268
4.0743
2.1753
4.6736
2.8855
3.5744
3.9619
4.0555
2.7256
3.7355
4.9749
1.4246
1.9298
5.0103
2.3184
3.1530
3.4042
5.4160
3.8562
4.0937
2.2483
1.8044
1.7768
2.4563
1.8384
3.8215
2.7961
4.7940
3.0126
2.6898
2.6328
5.3407
3.1556
3.5806
2.7264
3.6591
1.7069
4.2954
3.3864
4.8762
4.7351
3.7680
3.5776
3.6165
4.9106
2.9950
4.3741
2.9404
2.8637
4.3191
4.4294
3.6863
2.3607
2.5009
3.1780
3.2388
3.5433
4.4289
2.9541
4.8773
3.8845
4.5593
3.5596
4.5716
4.1917
4.0647
3.4744
3.6624
2.3653
3.3132
2.2376
1.9998
2.1293
3.7983
3.8187
2.7193
3.9865
3.8403
3.5127
3.4667
3.9256
2.8760
2.3470
2.8103
3.3087
3.7626
4.2574
3.8179
3.0980
2.2932
3.7896
4.2290
2.1325
4.6596
4.7192
2.4286
3.1896
2.3342
1.4972
3.3277
3.1821
2.4652
2.3912
3.0654
1.7796
1.5886
2.6621
1.7924
2.1985
2.1938
3.4271
2.8325
2.9329
4.0589
3.5151
4.1403
3.9439
4.6442
2.1645
1.3819
2.9967
3.6581
1.9051
8.0894
2.9479
2.7828
1.4762
1.7476
1.1459
2.9763
7.4970
3.0776
2.8761
3.7516
4.0509
3.2079
3.6646
3.6469
2.7735
3.7977
5.6582
6.8358
3.1517
4.0429
3.6281
2.6977
2.9683
2.5330
3.4945
1.8239
1.7271
2.3332
2.2722
2.6540
3.0571
2.0814
2.5574
1.2347
1.4155
2.1994
3.5680
2.7074
2.3385
2.3383
2.3967
2.9327
3.8289
3.9068
3.5687
4.5263
5.4768
4.0675
4.0094
3.8995
3.8181
2.5700
4.0806
4.5217
1.0353
4.4105
4.3473
8.3461
3.1981
4.5265
5.3800
0.6714
4.1194
4.2858
2.9913
4.5153
4.7653
3.0658
4.2481
3.5578
4.2684
3.8404
3.8358
4.3750
3.2515
4.5838
5.2004
3.9212
3.6866
3.6227
3.7268
4.2060
1.8707
4.7248
3.0851
4.3786
4.6400
4.3052
3.3426
4.3029
3.5382
3.1857
4.2622
4.2526
3.1429
4.8487
5.0056
4.3114
3.4044
4.3139
3.9214
6.3500
4.3220
4.2480
3.1630
3.7603
7.6132
3.4852
3.4754
4.3025
4.1815
3.6424
4.0703
3.9405
3.3869
4.7821
4.1630
4.2887
4.2795
4.4012
4.3052
4.2477
4.5060
4.3414
3.0082
5.4085
5.8365
4.4384
3.0740
3.9689
4.9285
4.0027
3.4827
4.6791
2.6648
4.7830
3.6679
3.9003
2.9651
4.5984
3.6882
3.4797
4.4245
3.0281
3.5737
4.7607
4.9581
4.6045
3.2953
5.1097
4.2282
3.3935
3.7734
4.0731
2.4915
4.8669
5.0728
4.1659
2.8731
3.8049
4.7506
3.4541
3.8892
4.7822
2.9202
4.6368
5.1830
4.0915
3.2999
5.1623
3.6097
3.1948
4.7006
3.9069
3.5464
4.1353
4.3283
5.8640
3.9878
3.7687
4.0750
3.4289
4.0850
4.4628
2.9927
4.5327
7.3867
3.5185
3.7602
5.2791
3.7268
3.7279
3.4094
5.3240
2.5054
5.1004
5.0284
4.5721
2.9873
4.1307
4.4892
5.3410
3.9715
4.0332
2.4385
4.1997
4.7628
2.7121
3.6482
3.4487
4.4395
4.2441
3.7105
3.7789
3.3836
5.5977
5.7275
3.5217
2.9884
4.4968
4.6856
4.6847
3.7341
5.2543
4.1928
3.9273
4.8257
4.3509
2.7521
4.0603
4.5091
3.1472
4.1677
4.4765
2.3311
4.5037
4.6300
4.7457
4.0831
4.3701
4.2845
2.8135
3.3205
4.0515
3.0839
4.9957
5.8430
6.0904
2.8865
5.8403
4.4806
3.6617
3.8528
3.3315
2.5535
3.5168
4.6650
3.2794
3.5819
4.6584
4.4752
4.1381
3.7516
4.4246
3.1643
4.6359
5.8898
3.4283
4.4837
2.9400
4.6769
4.1278
1.9249
2.5311
4.1427
4.4191
5.3143
4.6423
2.9967
4.2051
4.6639
3.6396
3.6719
3.8171
3.3924
4.6599
5.0964
3.7203
3.8507
4.5208
4.7523
3.3461
3.9846
4.6723
3.0056
4.8495
5.0321
3.7410
3.3414
3.1528
4.0488
3.4200
3.5964
4.7228
2.4036
4.9599
6.6132
3.6040
3.5394
3.4442
4.2866
3.0752
3.2796
5.5172
3.5114
5.1036
3.9600
3.3401
3.3661
4.4572
4.6912
3.5457
3.0741
4.4752
2.7181
4.9450
5.1690
3.0430
3.6935
1.1857
5.8167
4.1080
3.5026
3.6472
3.1770
4.3914
4.7526
4.1779
3.6741
4.4819
3.9328
3.2933
4.1427
5.5947
3.2243
3.8270
4.8020
4.2546
3.4126
4.5005
4.6624
3.9251
3.7192
3.8301
1.8527
5.5160
5.7958
3.8866
3.7049
4.3683
4.8636
3.3823
4.1418
4.0799
3.5132
4.9717
5.1815
3.2886
4.9212
4.4302
3.9389
3.4958
3.7336
2.6913
3.5257
4.5902
5.3821
3.2286
3.4406
4.0081
4.2088
3.3672
3.1547
3.1802
3.3269
4.1281
4.1684
3.8965
3.6973
3.6449
5.5478
3.4638
3.2217
3.9077
3.2342
4.0298
4.8479
2.9167
3.0552
8.7434
3.7943
3.2694
3.1725
3.5755
2.7589
4.2267
4.8133
3.7013
2.6383
3.0512
4.0182
3.2201
3.9713
3.1931
3.3837
4.4778
4.1641
4.3211
3.2382
3.8029
3.7251
3.4009
3.4890
3.2695
4.5031
3.6411
4.3487
3.9392
2.8044
3.7747
4.5960
2.7036
4.6032
7.6807
3.3309
3.8384
5.1621
3.1116
3.4789
3.5210
4.2002
2.9559
4.5026
3.9637
2.9061
3.5296
4.5109
5.2150
3.6016
3.7414
4.7106
3.8530
4.5836
3.3815
2.3589
4.5587
5.6214
3.9568
3.0046
3.4196
3.6767
2.5936
3.8046
4.3201
2.9736
4.3373
3.7066
3.5906
2.6344
4.3583
3.9606
3.2979
4.7950
4.7158
3.0169
5.1398
4.4930
3.0201
3.9374
4.4744
4.9539
3.7577
3.8818
4.0761
3.1989
3.7895
5.1539
4.6667
4.4872
3.3931
3.9340
3.0964
4.1311
4.7580
3.0397
4.9258
4.7998
4.1752
3.2385
4.8068
4.5755
3.9009
4.1019
3.9652
3.3743
5.3352
6.9439
3.3976
3.6237
4.0243
4.3217
3.9606
3.7618
5.3259
3.2089
5.6584
6.5793
3.9783
3.7102
3.6046
4.0655
3.1662
3.8194
4.6278
3.1017
4.7194
4.6608
4.4782
5.1087
3.1470
4.6429
5.1353
3.7039
3.9878
3.1920
3.7644
4.6262
3.7005
3.6480
5.5548
4.8888
2.6828
3.5055
4.3563
4.1460
4.5210
5.4560
4.0094
3.4906
4.2761
3.8161
4.3320
4.0359
3.8817
3.6643
4.9652
5.5513
3.2581
3.2496
4.3749
4.2768
3.8331
3.2953
5.4372
6.8348
4.3836
5.3426
10.5938
2.9249
4.3684
3.5243
2.3184
3.2428
4.1718
3.1001
4.9793
4.3109
3.0520
3.2735
4.7793
3.9352
3.6385
2.7875
3.4003
2.4918
3.4653
4.4959
4.2913
3.3362
4.1505
4.7107
3.6936
3.6920
3.8495
3.3878
4.3220
4.7632
4.1822
4.0131
4.0356
4.0407
3.8516
3.7266
6.8092
3.4970
9.6124
4.5487
2.9459
3.6542
4.9519
2.1439
4.1784
4.7382
4.0216
2.8013
5.1916
4.9708
4.8333
3.6056
3.9174
4.2656
3.1822
4.0599
3.2632
2.7930
5.1658
5.0014
3.8474
3.1274
4.1871
3.9378
